0.3758032 0.7939254 0.1235129 0.2379103 0.8303894 0.08035435 0.09174343 0.725427 0.02650026 0.008787145 0.5601487 0.01537155 0 0.3768823 0.05231739 0.05662091 0.2085777 0.1141833 0.1643473 0.06844392 0.180219 0.3207504 0 0.2535761 0.4947525 0.027872 0.3202281 0.6563983 0.1117809 0.3674729 0.7913213 0.2419279 0.3884692 0.889524 0.4024645 0.3874309 0.9387994 0.5834025 0.3681943 0.9169509 0.7643114 0.3240267 0.8155132 0.9077297 0.25931 0.6696931 1 0.1854955 0.5007853 0.9861849 0.110662 0.3812323 0.8487015 0.07698019 0.3047459 0.6762754 0.06531513 0.2449833 0.6047579 0 
0.4732662 0.9373368 0.2454319 0.3525032 1 0.2072076 0.2153324 0.949992 0.146001 0.1076882 0.8433564 0.1033228 0.03709397 0.7026171 0.08727629 0.004991874 0.5470489 0.09402918 0 0.3890476 0.1085251 0.03097958 0.2341554 0.1244334 0.09876958 0.09232263 0.1471543 0.2210207 0 0.1761213 0.3729051 0.0003540716 0.2138573 0.5097471 0.06738918 0.2578046 0.628103 0.1682572 0.2892862 0.7153497 0.2991601 0.3032545 0.7570041 0.4513974 0.2890182 0.7492071 0.6056036 0.2547866 0.6874491 0.7427573 0.2053172 0.587635 0.8478025 0.1420185 0.4660757 0.9175283 0.06626888 0.3265746 0.9287544 0 
0.4745723 0.9876745 0.2846034 0.3253587 0.9930024 0.2086537 0.1876624 0.9041319 0.1449548 0.08232871 0.7681817 0.102176 0.01947699 0.6062362 0.06821426 0 0.4332147 0.04329077 0.02734155 0.2594526 0.03765599 0.1107651 0.1102782 0.08040614 0.2425235 0.01786823 0.1519571 0.3970969 0 0.2346589 0.5493771 0.06382415 0.2961438 0.6764255 0.1783745 0.337507 0.7744066 0.3238603 0.3542572 0.8420593 0.4868846 0.3477707 0.864088 0.6585035 0.3108087 0.8221446 0.817672 0.250348 0.7200851 0.9421337 0.1794361 0.568732 1 0.1110176 0.4016725 0.9877854 0.05433226 0.2414577 0.9374666 0 
0.4057662 0.9838025 0.2241227 0.260168 0.9430501 0.1534626 0.1384564 0.8483615 0.09086774 0.05095584 0.7127197 0.04235764 0.008725949 0.5520792 0.01522396 0 0.3855079 0 0.03908622 0.2211207 0.004980071 0.1192403 0.07945768 0.04474626 0.2393657 0 0.1318788 0.3653685 0.00585606 0.2401907 0.4892546 0.06141825 0.3380751 0.5942342 0.1784984 0.3963456 0.6794595 0.3194284 0.4280806 0.7246394 0.4809074 0.4237453 0.7250667 0.6448738 0.3931039 0.6700202 0.7917169 0.3308139 0.5724357 0.9085366 0.2579608 0.4534847 0.9901441 0.1695106 0.3174716 1 0.07747724 0.2231337 0.8961014 0.02832472 
0.1197477 0.7383293 0.2131798 0.03512821 0.6131307 0.1568229 0 0.4585425 0.1273397 0.01510011 0.2971005 0.1257778 0.06884416 0.1447387 0.1347359 0.1771677 0.03075129 0.1633029 0.3268183 0 0.2147736 0.4746814 0.03665497 0.2648013 0.6038814 0.1258835 0.3055438 0.7126393 0.2402809 0.342934 0.7905414 0.3814295 0.36111 0.8216552 0.5399845 0.3567852 0.8108211 0.7002366 0.3353035 0.7496704 0.8459182 0.3009118 0.6432914 0.9579519 0.254579 0.5032662 1 0.1887973 0.3609624 0.9777847 0.1163285 0.2327995 0.9046376 0.04972455 0.1307395 0.7887068 0.002872088 0.06844138 0.6403924 0 
0.624643 0.7299291 0.3306593 0.625079 0.8814228 0.3779937 0.5094933 0.9841664 0.3141588 0.3583865 1 0.2391232 0.2136244 0.9516335 0.1645234 0.09717587 0.8486743 0.09600914 0.02404375 0.704155 0.04483415 0 0.5388443 0.01370715 0.02292401 0.3707823 0 0.08522552 0.2123035 0.0004751118 0.1873339 0.07923029 0.02472725 0.321001 0.00604182 0.09428149 0.4572193 0 0.1956486 0.5841599 0.05855265 0.2915949 0.6767054 0.1751911 0.3726216 0.7327383 0.3271594 0.4241069 0.7569112 0.4941154 0.4469564 0.7380202 0.6617443 0.4298918 0.6743749 0.8105578 0.3783639 0.565203 0.9154467 0.3040111 
0.3927453 1 0.4583474 0.2360984 0.9973716 0.3322092 0.1356765 0.9291952 0.1721998 0.05635723 0.7812874 0.07141402 0 0.6103576 0 0.02538295 0.4108448 0.002352773 0.06947652 0.2263298 0.02614869 0.1840331 0.09830635 0.130756 0.3237595 0.03226476 0.2492661 0.4771166 0 0.3752824 0.6338824 0.03127383 0.4973561 0.7835395 0.1014577 0.6115459 0.8960281 0.2569763 0.6651609 0.9661428 0.4368797 0.6781492 0.9677808 0.624807 0.6340796 0.8944118 0.7792327 0.5385406 0.7621164 0.8670205 0.4150622 0.6110358 0.9186416 0.2974737 0.4508041 0.9219159 0.1809228 0.2974235 0.877575 0.05859951 
0.6091487 0.9653419 0.3489553 0.4734019 0.9987299 0.2631598 0.3374337 1 0.1726386 0.2073467 0.9515923 0.08699741 0.1037677 0.8341125 0.04082912 0.0318212 0.6900028 0.01118735 0 0.5290632 0 0.007121532 0.3661934 0.0117085 0.04197298 0.2085895 0.03933751 0.1248031 0.08058686 0.09923812 0.2353749 0.006323437 0.1921859 0.3662778 0 0.2885036 0.4866056 0.08516528 0.356937 0.5624369 0.2283219 0.3756845 0.5988322 0.3878514 0.364165 0.6146871 0.5498099 0.3423155 0.6142383 0.7107999 0.3096373 0.5748227 0.8603789 0.2565899 0.4821881 0.968838 0.1777984 0.3586956 0.9964513 0.08326669 
0.3976446 0.9999167 0.2591397 0.2608296 1 0.1839213 0.141774 0.9323826 0.1077519 0.05832052 0.8128837 0.04989251 0.009957914 0.6683188 0.0130541 0 0.5121485 0 0.02948976 0.3576679 0.005519795 0.08440851 0.2110825 0.02713442 0.1742587 0.08809569 0.06725106 0.2899862 0.0005078979 0.1272265 0.4204943 0 0.2119789 0.5254508 0.08827443 0.2865134 0.5888197 0.2174701 0.3507679 0.6265408 0.365356 0.3913851 0.6456244 0.520995 0.4045597 0.632894 0.6766049 0.3843408 0.583861 0.816341 0.3324971 0.4995659 0.9274992 0.2601475 0.3828044 0.9831946 0.1735204 0.2753634 0.9405951 0.08130116 
0.5663601 0.9734571 0.2308539 0.4088177 1 0.1674763 0.2603673 0.9440313 0.09658561 0.1395382 0.828982 0.04914517 0.05179501 0.6828279 0.01693033 0.00495471 0.5153196 0 0 0.3407039 0.004531905 0.03626026 0.173637 0.03377238 0.1294136 0.04737615 0.1081333 0.2698465 0 0.1908447 0.4172995 0.04313406 0.2729891 0.5621594 0.1276113 0.3215036 0.6994829 0.2306152 0.3494741 0.8023704 0.3708094 0.348242 0.8673977 0.5290941 0.3179334 0.8473477 0.6927996 0.2696894 0.7567103 0.833568 0.2208134 0.6277115 0.9328376 0.1622285 0.470641 0.9741835 0.1002591 0.3155042 0.9463177 0.028405 
0.4012124 1 0.1648385 0.2523454 0.970929 0.09593738 0.1236226 0.8788136 0.04202874 0.04004526 0.7362064 0.009822205 0.001802899 0.5723318 0.008954184 0 0.4060577 0.03751901 0.03373925 0.2504792 0.09265625 0.1113012 0.1189462 0.1622669 0.2324913 0.02906331 0.2332253 0.3780365 0 0.3089247 0.5176401 0.05830099 0.3751028 0.6311554 0.1763144 0.4142103 0.7161608 0.3211929 0.4297327 0.7562956 0.4834796 0.4124576 0.7387168 0.6438079 0.3656304 0.6715744 0.7841455 0.3050579 0.5673183 0.8913084 0.2278886 0.4433151 0.9622759 0.1393914 0.3016839 0.9595457 0.04939243 0.2028519 0.8511961 0 
0.7695286 0.5869217 0.1214615 0.762669 0.7078738 0.2696633 0.7144536 0.8413046 0.3987872 0.5714179 0.9479648 0.4591363 0.3949656 1 0.426315 0.2267462 0.9713506 0.3392215 0.08817874 0.8877149 0.2368669 0.001661878 0.7436965 0.1472383 0 0.5577145 0.1018944 0.05675898 0.3785686 0.06227297 0.1771034 0.2317548 0.04427413 0.3326891 0.1214349 0.01945011 0.5020206 0.03304256 0 0.6828231 0 0.04770316 0.8468035 0.05535118 0.1214851 0.9255084 0.2205092 0.1673505 0.9221566 0.4113778 0.168687 0.8658953 0.5931908 0.163126 0.7615883 0.7523179 0.1364297 0.6599007 0.9141278 0.1350063 
0.521837 0.9382637 0.1953202 0.3611707 0.9379851 0.1564464 0.2205152 0.8664564 0.0959909 0.106768 0.7488083 0.05167196 0.03015786 0.6008784 0.0208243 0 0.4350742 0.004865324 0.02562762 0.267494 0.01071239 0.1094966 0.1269363 0.05310166 0.2330702 0.0250262 0.1087051 0.3848975 0 0.1768286 0.5354928 0.04497929 0.2399075 0.6610948 0.1448792 0.2957038 0.7682816 0.272864 0.3300222 0.8495025 0.4221469 0.3393239 0.8646316 0.5893878 0.3175382 0.8066524 0.7414565 0.2708412 0.7075635 0.8663265 0.2114084 0.584515 0.9596732 0.1401124 0.4401076 1 0.06336045 0.2911439 0.9637657 0 
0.4278841 0.9920824 0.2447215 0.2827063 0.9339696 0.1952591 0.1587586 0.8403608 0.1390322 0.06813741 0.7135978 0.08643106 0.006167169 0.5691534 0.03935513 0 0.4082485 0.004738605 0.04631937 0.2506298 0 0.1411138 0.1211108 0.03143204 0.2656709 0.03433166 0.09514626 0.4071836 0 0.1692192 0.5457963 0.05101545 0.2413095 0.6620267 0.1491063 0.3042206 0.7482272 0.2820443 0.3494898 0.8022749 0.4353641 0.3748471 0.813754 0.5988349 0.370776 0.7795818 0.7562128 0.3420266 0.693079 0.8854694 0.2876186 0.5800558 0.9809721 0.2168858 0.439124 1 0.1349943 0.3032261 0.936836 0.07026741 
0.06017371 0.8697979 0.1874418 0.01710607 0.7212726 0.1501073 0 0.5694582 0.1049679 0.01902749 0.4147631 0.07683812 0.07341118 0.265972 0.07014801 0.1667026 0.1419336 0.1063315 0.2770891 0.04913653 0.1734891 0.3964791 0 0.2607579 0.5104323 0.05523022 0.3541724 0.5748415 0.1840163 0.4171571 0.601742 0.3338726 0.460982 0.6020691 0.4919551 0.4822609 0.5791401 0.6488158 0.4768133 0.5314165 0.7962288 0.4402409 0.4529215 0.9133087 0.366764 0.3464769 0.9832792 0.2720283 0.227353 1 0.1690815 0.1070083 0.9548002 0.07549487 0.02325597 0.8452364 0 0.04253915 0.7645305 0.03680255 
0.5146465 0.9933909 0.2291431 0.3529671 0.9892977 0.1980641 0.2118536 0.9248081 0.1416936 0.1020514 0.8159971 0.08264111 0.02984308 0.6726087 0.04074436 0 0.5123844 0.0094781 0.007855197 0.3468783 0 0.05257215 0.1879762 0.01045307 0.148657 0.06488377 0.06185337 0.2845533 0 0.1256665 0.4318792 0.01472888 0.1985687 0.5579623 0.1001488 0.2635289 0.6508287 0.2286627 0.3089512 0.6998579 0.3847108 0.3329132 0.7036731 0.5497231 0.3258485 0.6691238 0.7088415 0.2952292 0.6055495 0.8535491 0.2440571 0.5091425 0.9668595 0.1710181 0.373409 1 0.08945135 0.2396266 0.9218394 0.04443888 
0.5822606 0.9049363 0.2987752 0.431252 0.840674 0.2284133 0.2900136 0.7487369 0.1690652 0.1708619 0.6297143 0.1086764 0.07703827 0.4892839 0.0525475 0.007603257 0.3292322 0.01186286 0 0.1504555 0 0.08566051 0.01558559 0.05539557 0.2183002 0 0.1610574 0.354239 0.04041826 0.269709 0.4747312 0.1318322 0.3660663 0.589245 0.238331 0.4496623 0.6776492 0.3869186 0.4947595 0.7229451 0.558348 0.5049146 0.7249894 0.7351394 0.4795674 0.6736294 0.8888858 0.4043012 0.5746218 0.9834483 0.3024635 0.446021 1 0.1857535 0.3323958 0.8895109 0.1264472 0.3158671 0.7356305 0.1702536 
0.6349394 0.9796512 0.2637208 0.4680715 0.9781527 0.2143824 0.3148047 0.9219959 0.1523501 0.1751674 0.8339333 0.09420867 0.06218631 0.7109486 0.04126597 0 0.5526255 0.006854761 0.001744345 0.3805263 0 0.08056422 0.2298275 0.02996419 0.1999242 0.1079367 0.06327845 0.345955 0.03345838 0.124689 0.5009217 0 0.198795 0.6542414 0.03172882 0.2734704 0.7707062 0.1445647 0.3297483 0.8427764 0.3013741 0.3577403 0.8823792 0.4721769 0.3629921 0.8790371 0.6445923 0.3355565 0.8271789 0.802999 0.2824628 0.7319971 0.9320952 0.2159219 0.5926394 1 0.139572 0.449148 0.9858709 0.04247074 
0.43768 0.9955691 0.1305311 0.2851104 0.966288 0.1036073 0.1585065 0.8755695 0.06590894 0.06284669 0.7497294 0.03924076 0.01374738 0.5980672 0.02125894 0 0.4378218 0.01169808 0.01896453 0.2783712 0.01925625 0.09832896 0.1415334 0.03806572 0.2081896 0.02658997 0.06078402 0.352604 0 0.1158156 0.5017098 0.03022163 0.1686337 0.6353183 0.1032497 0.2168546 0.7362295 0.2245862 0.2447656 0.8077927 0.3678214 0.2598702 0.8404514 0.524856 0.2533765 0.8286381 0.6831655 0.2305043 0.7697549 0.8244394 0.1852902 0.6685718 0.9325684 0.1221108 0.5424656 1 0.05014621 0.390994 0.9945983 0 
0.5301561 0.9736547 0.1966265 0.3567336 0.9863878 0.1702288 0.2037064 0.9038473 0.1242234 0.08586258 0.7792215 0.07581763 0.009160778 0.6233252 0.02717868 0 0.4458878 0 0.06034945 0.2785342 0.01973587 0.1585655 0.1379643 0.0704622 0.2920218 0.04423902 0.1469701 0.4469021 0 0.228163 0.6045424 0.02724346 0.3075773 0.7449833 0.1191124 0.3676817 0.845303 0.2648331 0.4033162 0.8992003 0.4344552 0.4111848 0.9060198 0.611858 0.388618 0.8511053 0.7756153 0.3367459 0.7436857 0.9017904 0.2689081 0.5999914 0.9827167 0.1974368 0.4380989 1 0.1234213 0.2899077 0.9489446 0.03632551 
0.7683261 0.8825998 0.077396 0.631016 0.9717606 0.07680432 0.4689123 1 0.05494715 0.3055107 0.9778784 0.03502114 0.1598639 0.8989135 0.0184729 0.05561963 0.7707622 0.003562721 0.003419897 0.6131867 0 0 0.4478005 0.01231481 0.03748332 0.2869992 0.03528081 0.1153149 0.1455293 0.0756531 0.2284665 0.03675059 0.1280722 0.3767765 0 0.1899039 0.5245376 0.04598835 0.2471567 0.6428062 0.1571227 0.2809246 0.7245765 0.3015736 0.2908556 0.776386 0.4595201 0.2771215 0.802058 0.6199146 0.2398715 0.7905748 0.7743566 0.1782333 0.7308829 0.9045928 0.09472995 0.6131521 0.9692286 0.0044398 
0.7262321 0.873749 0.1152401 0.6290948 0.9568039 0.196426 0.4746116 1 0.2086075 0.3189052 0.9608629 0.204909 0.1846719 0.8721014 0.20305 0.08473142 0.7451146 0.2034955 0.01938389 0.5986066 0.1861861 0 0.4397894 0.1658774 0.02694713 0.2848047 0.1294328 0.1011895 0.1500316 0.08258811 0.214304 0.04336867 0.04234966 0.3669851 0 0.03289478 0.5229292 0.03270411 0.04211375 0.6576713 0.1202691 0.05469007 0.7563301 0.247087 0.06212017 0.8142766 0.3975344 0.05235754 0.8368167 0.5567958 0.03571782 0.8247527 0.7165424 0.01421498 0.7635618 0.8644 0 0.6465174 0.931978 0.06247526 
0.5059863 0.981625 0.2358491 0.3480833 0.9795763 0.1939907 0.210428 0.9147478 0.1318076 0.09842481 0.8124505 0.06756478 0.0189983 0.6763724 0.01692958 0 0.5140887 0 0.03056432 0.3527107 0.009196841 0.09299928 0.2013172 0.02972943 0.1903022 0.07600217 0.07678224 0.3208974 0 0.1433211 0.4617216 0.0004441394 0.2238582 0.5843009 0.08082745 0.2979877 0.6699405 0.216739 0.3371181 0.7269971 0.371417 0.3554988 0.7565009 0.5335609 0.3512526 0.7431685 0.6948128 0.3169959 0.6895486 0.8417472 0.2644095 0.5825364 0.9486406 0.1992273 0.4389521 1 0.139112 0.3001934 0.9455041 0.080651 
0.4495342 0.9518898 0.2220309 0.2901442 0.9425671 0.1835219 0.1550478 0.8623578 0.1259912 0.05708082 0.7354433 0.07739466 0 0.5809664 0.04753436 0.004674593 0.4138631 0.03299819 0.05277732 0.2529543 0.03153222 0.1392517 0.112544 0.04567831 0.2766644 0.03051946 0.09379604 0.4244838 0 0.1667008 0.5698024 0.04675333 0.2341259 0.6892455 0.1489104 0.2906938 0.7705701 0.289951 0.3232263 0.8005589 0.4552265 0.3289729 0.773699 0.6197159 0.3110377 0.7101066 0.7697129 0.269754 0.6198326 0.897535 0.2096888 0.5014237 0.9897062 0.1359839 0.354949 1 0.05970694 0.219047 0.9223043 0 
0.6444923 0.9403598 0.1830242 0.485248 0.9923077 0.1788108 0.3176237 0.9467041 0.1395931 0.1758451 0.8528584 0.08524244 0.07083866 0.7159753 0.04191714 0.01234752 0.5503939 0.01201467 0 0.3730114 0 0.05007327 0.2021624 0.01240988 0.1594153 0.07163937 0.06533253 0.3022793 0.003585998 0.1470038 0.4541131 0 0.2381638 0.5995493 0.06111361 0.3225231 0.703416 0.1915754 0.3842987 0.7600283 0.359514 0.4091628 0.7742029 0.537348 0.3980911 0.7568515 0.7116985 0.3639752 0.6924602 0.8655545 0.2993412 0.5797113 0.9781216 0.2203873 0.4245657 1 0.1461639 0.2722858 0.917423 0.1045015 
0.473192 0.9798103 0.1875389 0.303716 0.9837692 0.1557353 0.1531549 0.9192269 0.09864429 0.04882722 0.7926534 0.04221234 0 0.6288913 0.01183592 0.001615098 0.4550723 0 0.05250304 0.2882247 0.00635258 0.1432564 0.1394612 0.0156871 0.2761077 0.02933658 0.02732254 0.4413638 0 0.06355296 0.608523 0.0298725 0.1044354 0.7484042 0.1234107 0.1492418 0.8567088 0.2553585 0.1839579 0.9126053 0.4186066 0.2103385 0.9164599 0.5928898 0.2179657 0.8684798 0.7605104 0.2098965 0.7690153 0.9008515 0.1839833 0.6280301 0.9950776 0.1474392 0.4601765 1 0.1094444 0.3004413 0.9488752 0.06360369 
0.5905414 0.9722124 0.3735797 0.4067299 0.9569491 0.3056397 0.2382285 0.8898364 0.2295539 0.09796462 0.7786698 0.1487202 0.01030633 0.6216137 0.07232992 0 0.43429 0.02416851 0.07017179 0.25349 0 0.2008323 0.1110521 0.02306239 0.3632952 0.02613948 0.09003387 0.5295576 0 0.1912783 0.6987873 0.02007852 0.2911946 0.8474458 0.1108704 0.3816686 0.9522928 0.2630224 0.4476601 1 0.4528555 0.4693101 0.9880596 0.6459242 0.4451108 0.905354 0.8137711 0.3870972 0.7758965 0.9357462 0.3063794 0.6047723 0.9656987 0.2145843 0.4353755 0.9042013 0.1383755 0.3628461 0.7478941 0.09963081 
0.5269496 0.9159859 0.4646309 0.3800518 1 0.3426669 0.2211265 0.9973993 0.2012755 0.07822754 0.9061164 0.07240767 0 0.7353837 0 0.01610823 0.5229844 0.01042274 0.09767327 0.3245371 0.008516951 0.2343625 0.1694639 0.06165177 0.3976906 0.06143907 0.1472242 0.5746619 0 0.2526816 0.7347814 0.002889818 0.3947693 0.8316091 0.1201554 0.5434847 0.9120678 0.2834705 0.6551703 0.9174809 0.4827985 0.7290587 0.8541058 0.6828975 0.7105823 0.7109513 0.8119482 0.6154733 0.5867044 0.9392418 0.5102459 0.432082 0.9763462 0.3666075 0.2881199 0.9650596 0.2159742 0.1585937 0.8398678 0.1028561 
0.7610015 0.6024443 0.3671402 0.7166197 0.7535612 0.3718108 0.5759929 0.8274239 0.2681584 0.4082939 0.8583497 0.1819471 0.2326161 0.8234542 0.1136692 0.1041346 0.6944789 0.0829445 0.02752214 0.5217768 0.08334614 0 0.334396 0.04923186 0.08964403 0.1858477 0 0.2072162 0.08484563 0.1129168 0.3399582 0.01365192 0.2328882 0.4824311 0 0.3588996 0.6389505 0.02089979 0.4676511 0.8068084 0.0688173 0.5479389 0.9477708 0.1779469 0.5957483 1 0.3428488 0.5478182 0.9364429 0.509621 0.4766782 0.8346658 0.6359171 0.3743646 0.7070718 0.7420422 0.2852144 0.544348 0.7835447 0.2050799 
0.626182 0.8319553 0.2541522 0.5378227 0.9500797 0.2333895 0.406357 1 0.1620473 0.2635335 0.9784272 0.09782082 0.1381464 0.8942479 0.05164918 0.05185376 0.7651498 0.02157631 0.003939482 0.6169966 0 0 0.4591375 0.0004435548 0.03455928 0.3044639 0.007977934 0.1138177 0.1691362 0.01704522 0.22769 0.06656948 0.05361192 0.3594319 0 0.1104194 0.4943658 0.01647075 0.190539 0.5989754 0.1132988 0.2574796 0.6629321 0.2501848 0.3051421 0.6889676 0.4054046 0.3190455 0.6779008 0.562978 0.3045407 0.6427434 0.7135239 0.2691687 0.5906273 0.856294 0.223062 0.5023363 0.9559989 0.1411539 
0.5181698 0.9351014 0.2386296 0.3934031 1 0.1646458 0.2558989 0.9786662 0.08610021 0.1389688 0.8850189 0.03029897 0.05908342 0.7483392 0 0.01202228 0.5939734 0.0001025767 0 0.4328077 0.005825066 0.02763098 0.274335 0.01944684 0.0992168 0.1334645 0.05108942 0.2131214 0.03251946 0.100675 0.3528824 0 0.1698977 0.4876993 0.0310906 0.2525776 0.6061254 0.1087608 0.3306717 0.6853262 0.2367125 0.3847426 0.7184052 0.3931115 0.4060556 0.7097925 0.553788 0.3988148 0.6748812 0.7082035 0.3673006 0.6115927 0.8438506 0.3071775 0.5194039 0.9463896 0.2236746 0.3920235 0.9622806 0.1473843 
0.3675866 1 0.321007 0.2466917 0.9048322 0.2488712 0.1411667 0.7916909 0.1788464 0.05889131 0.6577868 0.1132034 0.01493976 0.5046238 0.05590856 0 0.3427761 0.008588277 0.04080743 0.1812243 0 0.1317051 0.05018228 0.0466672 0.2551352 0.000613399 0.1503306 0.3862606 0 0.2551908 0.5170044 0.04978478 0.3513939 0.6143659 0.1661181 0.4170335 0.669054 0.3241267 0.4439248 0.6756622 0.4932629 0.4332872 0.6536434 0.657149 0.3993009 0.5933653 0.8046021 0.3390722 0.5067577 0.924436 0.2568366 0.3868038 0.990663 0.1609567 0.2562404 0.9959965 0.05291838 0.150369 0.8824923 0.01389759 
0.2011463 1 0.2970241 0.09617775 0.8972398 0.2168605 0.02735583 0.7478778 0.1882795 0 0.5832186 0.1673361 0.02031444 0.4180987 0.1843655 0.082294 0.2677811 0.2266235 0.1753399 0.1386156 0.2804625 0.3026402 0.04596002 0.3362941 0.4549589 0 0.3883272 0.6084018 0.02104448 0.4471769 0.7313192 0.1259281 0.4868484 0.8051068 0.272432 0.5148193 0.8307801 0.4362581 0.4983012 0.7901411 0.5925255 0.4528277 0.7231052 0.7357071 0.3964047 0.6122769 0.8374268 0.3225672 0.4747663 0.8897121 0.242092 0.3332912 0.9087314 0.1533853 0.1929279 0.8746087 0.06920059 0.1600866 0.7340387 0 
0.6531999 0.9695659 0.2906569 0.4686428 0.9916913 0.2376519 0.2947967 0.9407172 0.1618594 0.142361 0.8487169 0.08298903 0.0274801 0.7118176 0.009091798 0 0.5225564 0 0.03470157 0.3372631 0.04440148 0.113718 0.1774864 0.127307 0.2354034 0.07350681 0.23954 0.367586 0 0.3636397 0.5140256 0.005171174 0.4888541 0.6614291 0.07297904 0.5897571 0.7840245 0.2185059 0.6254885 0.8641105 0.3978802 0.6176761 0.8631618 0.5768259 0.5549071 0.7982185 0.736836 0.4631996 0.7024701 0.8695438 0.354532 0.5828395 0.9671969 0.2351118 0.4391235 1 0.1076358 0.3025743 0.9100236 0.01715936 
0.4010114 1 0.2877213 0.2439483 0.9476936 0.2203124 0.1158366 0.8419548 0.1550545 0.03200091 0.6921033 0.1070655 0 0.5184095 0.08554316 0.01530826 0.3415734 0.1032081 0.07995495 0.1790427 0.1388278 0.2000447 0.060116 0.1949433 0.3577137 0 0.2526349 0.5279388 0.002024775 0.3031902 0.6741783 0.09372773 0.3485518 0.793399 0.2220464 0.3855637 0.8856387 0.3741752 0.407689 0.9165857 0.5459543 0.388782 0.871677 0.7117593 0.338342 0.7660879 0.8444276 0.2821744 0.6352568 0.9480283 0.2178361 0.4774325 0.9896275 0.1455051 0.3143599 0.9619952 0.07911244 0.1852618 0.8738016 0 
0.9726892 0.707961 0.298925 0.8918794 0.8606337 0.3307557 0.7403801 0.9637097 0.3164678 0.5609531 1 0.2940088 0.3850574 0.9997795 0.2384012 0.2265008 0.9287818 0.1766924 0.1026494 0.8121383 0.1040668 0.02030247 0.6656461 0.02749848 0 0.4854822 0 0.03342656 0.3048496 0.01181787 0.1165943 0.1429536 0.03845242 0.2543126 0.0317432 0.08869555 0.4251886 0 0.1476656 0.5888191 0.05896344 0.204416 0.7246671 0.1755743 0.2476923 0.8400602 0.3187611 0.2673292 0.9249515 0.4820248 0.2665772 0.9575411 0.6627377 0.2459533 0.927101 0.8407975 0.2083746 0.8259493 0.9829913 0.1541609 
0.6930386 0.8651358 0.2643972 0.5326682 0.8840088 0.2626504 0.3746972 0.8613954 0.2347617 0.2345164 0.7908041 0.1955432 0.1156648 0.6921757 0.1490292 0.02718559 0.570487 0.08944606 0 0.4196981 0.03953678 0.0318631 0.2657678 0.006447176 0.1120899 0.1265053 0 0.2343745 0.03002268 0.02818692 0.3805824 0 0.0859153 0.5157077 0.05881384 0.1458352 0.6059078 0.188207 0.182572 0.6815699 0.3295415 0.2086775 0.745881 0.4778753 0.2196249 0.7853698 0.6346223 0.2194394 0.7636496 0.792277 0.2009238 0.6833699 0.9283916 0.1678971 0.5494232 1 0.124012 0.4010514 0.9550728 0.08660089 
0.915402 0.5739497 0.2877665 1 0.6108125 0.4326183 0.9220904 0.7224998 0.5323105 0.7682918 0.8072546 0.5462809 0.5940041 0.8335177 0.5279868 0.4241601 0.8103966 0.4832751 0.2721633 0.7514141 0.4152089 0.1418959 0.6653615 0.3309275 0.0476406 0.5536539 0.229678 0 0.4181086 0.1274609 0.007667792 0.2630168 0.0461694 0.08341334 0.1129011 0 0.2244007 0.01792885 0.02313619 0.3969414 0 0.05895571 0.5688736 0.03272221 0.08682388 0.7176764 0.1190829 0.1265692 0.8391321 0.2341045 0.1860645 0.9309466 0.366935 0.2599805 0.9812852 0.5124876 0.3394058 0.8919159 0.6577839 0.3599653 
0.6048087 0.7967541 0.7343485 0.4754005 0.9338863 0.7186757 0.303686 0.9871421 0.6483156 0.1490545 1 0.5328478 0.04729052 0.9836113 0.3696397 0 0.8913555 0.2101123 0.01599065 0.7387004 0.09822792 0.06406761 0.561754 0.03680726 0.1115533 0.3783014 0 0.1810708 0.1999085 0.03082959 0.2910073 0.05456051 0.09558645 0.4365963 0 0.2085616 0.5815011 0.03148292 0.3323637 0.717335 0.1270801 0.4299453 0.8212823 0.2606354 0.5239493 0.8912995 0.4219936 0.6002805 0.8964978 0.6124213 0.6262935 0.8099409 0.7766719 0.6049057 0.6378234 0.8451228 0.558101 0.4461386 0.8575777 0.533097 
0.7686508 0.7273123 0.4062532 0.7123363 0.8851464 0.4145607 0.5831625 0.977962 0.3379631 0.4201787 1 0.2657696 0.2613505 0.9801621 0.1845987 0.1266698 0.9157938 0.08457855 0.04160855 0.7721689 0.02304863 0 0.6024446 0 0.006489721 0.4234031 0.01304949 0.06339645 0.2532817 0.02147496 0.1699228 0.1153036 0.05636797 0.3038032 0.02142291 0.1251371 0.4596979 0 0.2073556 0.6079148 0.05054259 0.2915614 0.7230905 0.1703227 0.3574745 0.8046795 0.3189529 0.4156702 0.8278627 0.4955741 0.421024 0.7971418 0.67004 0.3949539 0.7111378 0.8183162 0.3446908 0.5774989 0.9305992 0.308502 
0.4243467 0.9866292 0.4066273 0.2720739 0.9653434 0.3055781 0.1443509 0.8949167 0.1954441 0.04068084 0.7757688 0.1017766 0 0.6089506 0.03482277 0.02698268 0.4310775 0.0004035366 0.1028963 0.2645102 0 0.224864 0.1318474 0.03462823 0.3650629 0.04109161 0.1133616 0.5144503 0 0.2140086 0.6611521 0.02146826 0.3215227 0.7790574 0.1192142 0.4176802 0.8578361 0.2680468 0.491843 0.8937768 0.4429452 0.5368225 0.8748937 0.6257342 0.5332627 0.8008134 0.7865846 0.4891176 0.6887237 0.9133244 0.4165183 0.5532971 0.9967043 0.3246662 0.4011307 1 0.2217479 0.2646217 0.9254954 0.125104 
0.4279371 0.9708612 0.1388832 0.2930162 1 0.08742045 0.1485927 0.9343004 0.02980472 0.04319922 0.8060234 0 0 0.6429027 0.01071177 0.01393302 0.4760844 0.03797536 0.07326494 0.3187898 0.06103446 0.172271 0.181186 0.06997439 0.3021697 0.07200982 0.0652106 0.4578479 0.007075895 0.06454705 0.6265857 0 0.07374546 0.7817997 0.06446014 0.08648651 0.8869802 0.1949513 0.110012 0.9339323 0.3562434 0.1301333 0.920243 0.5243927 0.1456534 0.8584982 0.6818028 0.1526618 0.753343 0.8149064 0.1496342 0.6169347 0.9137325 0.1307413 0.4610065 0.9740978 0.1010654 0.3008772 0.9905291 0.05742936 
0.5378796 0.8438458 0.1702359 0.3670578 0.8948435 0.1797056 0.1934286 0.8552075 0.1430046 0.06345194 0.7381119 0.09304313 0 0.5725096 0.05095387 0.01111836 0.3924728 0.02251983 0.08208203 0.2249134 0.006044385 0.2081458 0.09288315 0 0.3719698 0.01209337 0.01014203 0.5534944 0 0.03281457 0.7229422 0.0624165 0.0581231 0.8622824 0.1776488 0.08578569 0.9615701 0.3306681 0.100495 1 0.5092934 0.1143717 0.9676877 0.6889518 0.1255866 0.8765641 0.8470051 0.1322409 0.7345506 0.9615433 0.1259501 0.5567003 0.998396 0.1204734 0.3812074 0.9523145 0.1118178 0.2525054 0.834173 0.1265388 
0.8644958 0.8914652 0.2569993 0.7291796 0.9832549 0.2746072 0.5236986 0.9847662 0.2427802 0.3284787 0.9249448 0.2032361 0.1620529 0.8176247 0.1431266 0.04487483 0.6597777 0.07668684 0 0.4629358 0.02891636 0.05509733 0.2635292 0.03291745 0.1788699 0.09903926 0.0591652 0.3566587 0.0128127 0.121622 0.5547969 0 0.1826514 0.7478009 0.05539547 0.2347125 0.8981668 0.1940079 0.2637759 0.9780535 0.3863358 0.269442 1 0.5919937 0.25202 0.9628245 0.7919977 0.2102899 0.846913 0.954288 0.1625376 0.6488672 0.9937133 0.1298344 0.451239 0.9515233 0.07745847 0.28902 0.8486279 0 
0.3957052 0.9587406 0.2160235 0.2515958 0.9218753 0.1462866 0.129291 0.8253424 0.09812943 0.03985485 0.6886382 0.06977537 0 0.5289151 0.05266843 0.007739787 0.3643116 0.04931726 0.05116517 0.2050598 0.05399759 0.1501709 0.08412488 0.1077306 0.2802238 0.02003462 0.1864123 0.4232464 0 0.2666726 0.5659314 0.05447082 0.3266121 0.6629657 0.1842974 0.3570378 0.7028045 0.3452342 0.3635077 0.7173809 0.5103965 0.3547051 0.6978714 0.672585 0.3229487 0.6565622 0.8256919 0.2745412 0.5698469 0.9504722 0.2084026 0.4342903 1 0.1327589 0.2894101 0.9551226 0.06565072 0.1634626 0.8704879 0 
0.7397724 0.5343678 0.4190017 0.7035676 0.6941447 0.4401449 0.6186476 0.8376569 0.4185688 0.5035276 0.9457548 0.3610765 0.3712049 1 0.2739052 0.2319871 0.9824851 0.1834603 0.112394 0.8971689 0.1034961 0.0320803 0.7605136 0.04912534 0 0.5994787 0.01408478 0.01218495 0.4318556 0.004522002 0.07203037 0.2746693 0 0.1670586 0.1368298 0.008752783 0.3017899 0.03838461 0.02682869 0.4513841 0 0.08903587 0.5857285 0.04144574 0.1780319 0.6875036 0.1417013 0.2651203 0.7347694 0.2878623 0.3338445 0.7517112 0.4512725 0.3674518 0.7260563 0.6173212 0.3677419 0.6542208 0.7630211 0.3345311 
0.6402391 0.8967561 0.3455378 0.5250598 0.9999302 0.2655625 0.360071 0.9940085 0.1876962 0.2073958 0.9212098 0.1171535 0.08601116 0.7974585 0.06232019 0.009429865 0.6361567 0.02121931 0 0.4533808 0.01647528 0.04294823 0.2763309 0.02972686 0.1349024 0.1216117 0.05747258 0.2796444 0.02489746 0.1183156 0.4382282 0 0.19313 0.5792909 0.07833356 0.2747183 0.6835935 0.2205382 0.3251899 0.7397105 0.3937532 0.3543595 0.7721627 0.5748116 0.356493 0.7772631 0.7546831 0.3237568 0.724342 0.9176197 0.2576541 0.591559 1 0.1701618 0.431189 0.9965894 0.08197907 0.2903832 0.9141192 0 
0.623647 0.8616149 0.3793148 0.5098624 0.9910733 0.3333731 0.3401964 1 0.2610005 0.1837042 0.9304079 0.1850128 0.06514869 0.8111793 0.1023007 0 0.6468126 0.04202171 0.002815737 0.4643933 0 0.06787955 0.289242 0.00288489 0.1865091 0.1444774 0.009163285 0.3362555 0.04015142 0.04285874 0.4996655 0 0.1208386 0.6609942 0.03787678 0.2058683 0.7828467 0.1470539 0.2966765 0.8381065 0.3168707 0.3453126 0.8268715 0.5023801 0.3706322 0.7555501 0.6732312 0.3497077 0.6491743 0.8191473 0.3003464 0.5078514 0.9149286 0.2236474 0.3505317 0.9185319 0.1323535 0.2324043 0.7877403 0.09011135 
0.469692 0.9446655 0.2133308 0.3129711 0.9070796 0.1659679 0.1760152 0.8073325 0.1414186 0.06776363 0.6815674 0.1031927 0 0.5288023 0.0721353 0.006549057 0.3588611 0.08283321 0.05787204 0.200727 0.1091486 0.1576648 0.06964498 0.1552302 0.29673 0.007242678 0.2231763 0.446099 0 0.3058106 0.5814344 0.07611591 0.3749781 0.6705901 0.2169004 0.4089692 0.7112831 0.3818017 0.4109806 0.7180187 0.5519074 0.3965439 0.6886837 0.7155632 0.3568255 0.6267162 0.8596838 0.2915783 0.5328644 0.9725621 0.2075045 0.3947106 1 0.11935 0.255532 0.931379 0.05180117 0.1442041 0.8131123 0 
0.6506728 0.7138144 0.3877405 0.6376073 0.8981184 0.4022209 0.5168892 1 0.3012076 0.3521267 0.9833349 0.1829168 0.1976933 0.9124557 0.07857541 0.07599114 0.7609464 0.01797784 0 0.579438 0 0.03490475 0.3929797 0.03332878 0.1424982 0.2364428 0.1058428 0.2675071 0.1040714 0.1956694 0.4110941 0 0.2894012 0.5691947 0.01946109 0.40585 0.7208871 0.09216465 0.515901 0.8405989 0.2437941 0.567573 0.924902 0.4256369 0.5925097 0.9291191 0.6202753 0.5635136 0.8494647 0.777699 0.4786995 0.7068692 0.8639717 0.3618161 0.5369303 0.8897292 0.2584848 0.3605491 0.86623 0.1604332 
