0.256756 1 0.1468867 0.2227925 0.943848 0.1972434 0.1660846 0.8834584 0.2125935 0.1121439 0.8191835 0.2184484 0.06767275 0.7478749 0.2123931 0.02863382 0.674252 0.2011418 0.005694463 0.5975358 0.1758841 0 0.5221375 0.1416589 0.05761024 0.4719841 0.1323503 0.1375617 0.4723248 0.158961 0.2175519 0.4691491 0.1851914 0.2977048 0.4502119 0.2033656 0.3760754 0.4223152 0.2158584 0.4498994 0.3823989 0.2175842 0.4365834 0.3252535 0.1781888 0.381323 0.2720312 0.1443523 0.3331406 0.2106445 0.1129497 0.2988807 0.1444432 0.07371366 0.2722942 0.07763713 0.03016313 0.2721288 0 0 
0.2482471 1 0 0.2067412 0.9655069 0.06472804 0.1425421 0.891067 0.08668167 0.09217929 0.8045591 0.09446912 0.04861491 0.7138662 0.09779864 0.01955803 0.6175973 0.09969834 0 0.5189934 0.1002737 0.03158507 0.4348724 0.1049636 0.1117252 0.4816923 0.1291094 0.1887018 0.5415633 0.1540166 0.2711302 0.5954743 0.1743246 0.3604167 0.6132377 0.1973012 0.3234336 0.5393391 0.183108 0.2614632 0.4624489 0.1640344 0.2061386 0.3803327 0.1460248 0.1716614 0.287223 0.1295248 0.1435592 0.1925219 0.109948 0.1253849 0.0964497 0.08554834 0.1179936 0 0.0576641 0.136173 0.06009984 0.06030314 
0.2599627 1 0.01136629 0.2063745 0.9356953 0.03262601 0.1484629 0.8691807 0.03670214 0.09728573 0.7972489 0.03731639 0.05715222 0.718565 0.03812779 0.02084352 0.6382299 0.03622328 0 0.5535192 0.02401913 0.0210778 0.5001301 0.04304748 0.08887123 0.5125287 0.09813059 0.1674396 0.5265903 0.1350765 0.2513185 0.5337906 0.1610354 0.3388637 0.5415001 0.1680267 0.308624 0.4958431 0.1371763 0.2463724 0.4382562 0.1132219 0.1980055 0.3672045 0.09329911 0.159789 0.2903833 0.07451962 0.1434424 0.2063938 0.05546878 0.1461732 0.1200264 0.03708106 0.1647108 0.03602118 0.01851861 0.1981801 0 0 
0.254962 1 0.03124159 0.200661 0.9429757 0.03422874 0.1468665 0.8854609 0.0439919 0.09788797 0.8235378 0.05033666 0.06159686 0.7531208 0.04714094 0.02907231 0.6809106 0.04344977 0.006400997 0.6049706 0.04086788 0 0.5262974 0.04199956 0.01017093 0.450041 0.0477531 0.07504325 0.4335173 0.07973016 0.1419891 0.4569308 0.1131616 0.2136456 0.4846748 0.1331546 0.2634841 0.4535939 0.1302691 0.2289435 0.3841283 0.1161238 0.1925798 0.3159239 0.09871586 0.1641121 0.2454668 0.07631399 0.1452314 0.1721085 0.05259177 0.1332395 0.09778894 0.02789038 0.1365163 0.02362001 0 0.1815943 0 0.003991217 
0.1855129 1 0.0003802308 0.1344122 0.9066288 0.06723469 0.09213124 0.798441 0.1153164 0.05790246 0.6818673 0.1473163 0.02565705 0.5621894 0.1690352 0 0.4396965 0.1614179 0.01371572 0.3544338 0.1450338 0.07980583 0.4595122 0.1606185 0.1534984 0.5605549 0.1726235 0.2443608 0.6469513 0.1816414 0.3529481 0.7098677 0.1837276 0.4624171 0.7147752 0.1692776 0.3656237 0.6363017 0.1715396 0.2767228 0.5482118 0.1824317 0.2054341 0.4445667 0.1803374 0.1443297 0.3367661 0.159939 0.09211449 0.2288521 0.1215419 0.05569118 0.1181407 0.07502147 0.039855 0.002488856 0.02965944 0.0624973 0 0 
0.2180265 1 0 0.1665892 0.9271126 0.02418625 0.1158539 0.8494217 0.03804094 0.0710936 0.7672675 0.0456581 0.03351619 0.6814302 0.04989496 0 0.5946732 0.04342761 0.04432654 0.5587245 0.0650475 0.1294382 0.568454 0.1028081 0.2167442 0.5688444 0.1371223 0.3072402 0.5662501 0.1618069 0.3981352 0.5533993 0.1808333 0.4713513 0.5109615 0.1823703 0.3989154 0.458935 0.1704174 0.3292833 0.3970169 0.1634172 0.2717003 0.3243329 0.1496135 0.2223178 0.2470855 0.1294741 0.1807021 0.1676402 0.1024209 0.1486129 0.08640871 0.06855819 0.1366193 0 0.0344225 0.1532411 0.004103436 0.01094997 
0.1853719 1 0.0769076 0.1564843 0.9416432 0.08857954 0.1222655 0.8845956 0.09171155 0.08697806 0.8281159 0.09271044 0.05223091 0.7712997 0.09255594 0.0203613 0.7128877 0.09053562 0 0.6499 0.08629482 0.01557799 0.5942579 0.09181283 0.07496969 0.5865785 0.1161257 0.1376278 0.588548 0.1371944 0.1818901 0.5517349 0.1531433 0.1745588 0.4862429 0.1579552 0.1593243 0.4215797 0.1546156 0.1371408 0.3601731 0.1422197 0.1130641 0.3002517 0.1258884 0.09198853 0.2398497 0.1075424 0.07648353 0.1798283 0.08356556 0.06605921 0.119809 0.05681507 0.06257162 0.05866075 0.03067443 0.06109828 0 0 
0.157129 1 0.002575046 0.1336295 0.9457321 0.05165038 0.1150491 0.882139 0.09158479 0.09522063 0.8160178 0.1264233 0.0769375 0.744743 0.1503638 0.06155173 0.6716848 0.1706265 0.04623158 0.5976221 0.1869872 0.03301349 0.5215486 0.1903495 0.02483171 0.4446696 0.1896835 0.01347486 0.3695059 0.1783898 0 0.3110652 0.1354224 0.06217835 0.3386855 0.1370831 0.1364655 0.3389985 0.1580691 0.1936362 0.3396979 0.1539868 0.160961 0.2776834 0.1250643 0.1513366 0.2040653 0.103277 0.1438003 0.1317291 0.07704932 0.1394245 0.06140442 0.04545266 0.1368053 0 0 0.1479004 0.02512133 0.008280246 
0.1298048 1 0 0.1127276 0.9359218 0.03139848 0.09588715 0.8674439 0.05148591 0.07924978 0.7975877 0.06688181 0.06493095 0.7273049 0.08251085 0.0529704 0.6574849 0.09886568 0.1117908 0.6746855 0.1162585 0.1782226 0.6935782 0.138305 0.1558983 0.6366229 0.1383482 0.1311374 0.5687168 0.148561 0.1156188 0.4971748 0.1547001 0.0961154 0.4264709 0.1594067 0.07072407 0.3575697 0.1617232 0.0487995 0.2874448 0.1636992 0.03130245 0.2161654 0.1598935 0.0175791 0.144361 0.1525656 0.009296756 0.07177094 0.1454049 0.0006187632 0 0.1326543 0 0.006877139 0.101238 0.006890206 0.07935295 0.09603872 
0.1075157 1 0.02232407 0.08918114 0.9715746 0.07225855 0.07099579 0.9111414 0.09689536 0.05277179 0.8474598 0.111253 0.0339133 0.7830775 0.121189 0.01686336 0.7175558 0.1248465 0 0.6518359 0.1244518 0.002267627 0.5865874 0.1191833 0.0622847 0.6031293 0.1429795 0.1120651 0.5975254 0.1696561 0.1052585 0.5317046 0.1667214 0.08802475 0.4662681 0.161752 0.07349315 0.4001448 0.1574874 0.06416784 0.3331595 0.1521622 0.05851803 0.2667764 0.1393169 0.05365556 0.2008524 0.1247025 0.05437382 0.1378616 0.09966578 0.05808024 0.07597888 0.07208975 0.0626417 0.01888593 0.03599156 0.06468833 0 0 
0.2204185 1 0 0.1719499 0.9652923 0.07174996 0.1204718 0.8751395 0.1030971 0.07299062 0.7787452 0.1186328 0.0339634 0.6776414 0.1150526 0 0.5762281 0.0965424 0.06861182 0.5258873 0.1159009 0.1581471 0.558032 0.1675548 0.2524279 0.5968962 0.2046774 0.3519274 0.6308543 0.2318973 0.4576955 0.650077 0.2466038 0.531274 0.6187161 0.2307669 0.466698 0.5327584 0.2268271 0.4211425 0.4345519 0.2219747 0.3843647 0.3339508 0.203818 0.3565562 0.2337341 0.1729016 0.3385377 0.13323 0.1358052 0.3210481 0.03951706 0.0839885 0.2948129 0 0.01189405 0.3145036 0.08609089 0.07468033 
0.1377019 1 0.05419256 0.137065 0.972509 0.1062645 0.1178459 0.9144094 0.1277885 0.09187448 0.8554254 0.1392406 0.0634204 0.7966409 0.1454129 0.03665288 0.736996 0.144365 0.01362396 0.6759198 0.13801 0 0.6125001 0.1291542 0.009912356 0.5487809 0.125697 0.06141711 0.5298826 0.1579195 0.1150979 0.5096896 0.1851469 0.1281414 0.4546736 0.1938701 0.09841458 0.3980827 0.1821713 0.06729952 0.3434633 0.1640197 0.04915119 0.2864476 0.1375015 0.03890922 0.2271953 0.1115506 0.03331903 0.1664963 0.08730645 0.03725188 0.1048804 0.0656295 0.04698521 0.04613019 0.03869519 0.06619396 0 0 
0.1261014 1 0.05457002 0.1066718 0.94234 0.07816152 0.07487796 0.8826081 0.09121074 0.04608496 0.8204768 0.09915069 0.02105019 0.7565718 0.1046615 0.001612597 0.6905698 0.1089401 0 0.6226386 0.1076631 0.0487817 0.6003875 0.1196207 0.1123649 0.6200969 0.1329298 0.1338326 0.5754734 0.1403235 0.1176148 0.5088429 0.1465926 0.1013511 0.4418846 0.1487065 0.09272806 0.3736855 0.1440886 0.08440471 0.3061982 0.1333483 0.07840982 0.2392073 0.1187439 0.08175951 0.1736771 0.09801724 0.09009653 0.1093535 0.07482085 0.09583937 0.04814833 0.04381024 0.1111177 0 0 0.1059132 0.06191197 0.01155485 
0.1021331 1 0.06213316 0.08092451 0.9485384 0.1069021 0.04712426 0.8556817 0.1263193 0.02507776 0.7580556 0.1363388 0.009227437 0.6586425 0.1407594 0 0.5586044 0.1437019 0.04004338 0.5717152 0.1509808 0.07153759 0.6673663 0.1533006 0.1125729 0.7593189 0.1531529 0.1717077 0.8399889 0.1522282 0.1879798 0.7620238 0.1781882 0.1739341 0.6628143 0.188743 0.1596482 0.5631515 0.189842 0.1442994 0.4637921 0.1830683 0.1309649 0.365423 0.166546 0.1222213 0.2678097 0.1435452 0.1199579 0.1732625 0.1089187 0.1214672 0.08246242 0.06551673 0.1233227 0 0.008057589 0.1128746 0.04501893 0 
0.1530974 0.9091827 0 0.1535481 1 0.01716419 0.1270332 0.9836979 0.08914422 0.07119882 0.9068168 0.0947023 0.02911788 0.8218982 0.08669332 0 0.7314293 0.08174185 0.0006242627 0.6368178 0.07996078 0.06144611 0.6036741 0.1277801 0.1361747 0.6279312 0.1813233 0.2192539 0.6588126 0.2147865 0.3094254 0.6764651 0.2384325 0.3380179 0.6125325 0.2394707 0.2945703 0.5296076 0.2216558 0.2551768 0.4444943 0.2049377 0.2297185 0.3545249 0.1870202 0.2124485 0.2627439 0.1677592 0.2107224 0.1703669 0.1459568 0.2194631 0.07858879 0.1218809 0.2308677 0 0.07823139 0.220182 0.08365632 0.08902151 
0.07059245 1 0.005978201 0.0548423 0.944161 0.04947525 0.03720447 0.8793309 0.07819675 0.02163938 0.8108435 0.09907141 0.01023949 0.7411188 0.118118 0.003154113 0.6695863 0.1323116 0 0.5974181 0.144206 0.001021928 0.5243195 0.1491169 0.004206455 0.4513056 0.1472547 0.01488993 0.3798918 0.1354935 0.0807493 0.3931165 0.1336636 0.1473055 0.4159204 0.1534512 0.2131494 0.3963036 0.1705289 0.201113 0.3283719 0.1658633 0.1681285 0.2659974 0.1461896 0.139713 0.202544 0.1231342 0.1169832 0.1379023 0.09748802 0.1065013 0.07125099 0.06909573 0.09833664 0.00588156 0.03712895 0.09856626 0 0 
0.1259133 1 0.0176136 0.09111577 0.9283194 0.05986793 0.05935187 0.8491769 0.08844455 0.03226797 0.7651083 0.1073254 0.01331071 0.6782562 0.1226933 0.00543644 0.5891641 0.1344827 0 0.4995932 0.1446824 0.0009052352 0.4093929 0.1435937 0.01948845 0.4653518 0.1166501 0.07644807 0.5334483 0.1309925 0.1500569 0.5756102 0.160313 0.2307879 0.586132 0.1977347 0.2791444 0.5443491 0.2143721 0.231066 0.4698352 0.1986152 0.1861309 0.3939391 0.1799549 0.1567724 0.3122137 0.1556729 0.1352189 0.2290455 0.1281124 0.1237099 0.1455099 0.0958842 0.1162403 0.06450473 0.05717513 0.1101428 0 0 
0.1571852 1 0.03762138 0.126297 0.9274867 0.06129676 0.09888072 0.8531237 0.08358 0.06803016 0.777748 0.09067341 0.02983338 0.7056458 0.0796378 0 0.6295392 0.07952702 0.04907068 0.6104697 0.108073 0.1194642 0.6347478 0.1430986 0.1947648 0.6566053 0.1679155 0.2732828 0.6706576 0.181419 0.258734 0.6123134 0.1649421 0.2165267 0.5427713 0.1546428 0.1864864 0.4667232 0.1476204 0.1709384 0.3864258 0.1386988 0.1606117 0.3059161 0.1255024 0.1562411 0.2257131 0.1073943 0.1568499 0.146516 0.08521354 0.1604104 0.06943882 0.05667621 0.1629074 0 0.01414067 0.1653136 0.03832333 0 
0.1858934 1 0.07476615 0.1614863 0.9306557 0.1059002 0.1281603 0.8597165 0.1202152 0.09413587 0.7875866 0.1260274 0.06346297 0.7138095 0.1254309 0.03527043 0.6394899 0.1163687 0.01121038 0.5638837 0.1068721 0 0.4864906 0.09685716 0.06722648 0.4757379 0.1087461 0.1343288 0.5104833 0.1338181 0.2051978 0.5373868 0.1586197 0.2463691 0.5010847 0.1782994 0.2233272 0.4251124 0.1707847 0.1948576 0.3520032 0.1556218 0.1711836 0.2784155 0.1352375 0.1562035 0.2046604 0.1083612 0.1486185 0.1312883 0.07784969 0.1522812 0.05710313 0.04828918 0.1621681 0 0 0.1725679 0.07024532 0.01249202 
0.2021501 1 0.01309398 0.1533074 0.9333903 0.03055444 0.1133477 0.8598596 0.04353465 0.07931701 0.7825575 0.04988823 0.05471024 0.7018905 0.05645533 0.03062018 0.6206096 0.05663696 0.006809318 0.5393883 0.0557641 0 0.4553776 0.05621032 0.06013093 0.4781897 0.07104859 0.1277229 0.5233896 0.09392737 0.2020076 0.5558898 0.1143875 0.2274314 0.4929884 0.1091251 0.2099651 0.4105715 0.09980375 0.1985371 0.3270349 0.09090313 0.1896416 0.2439189 0.07734074 0.184007 0.1619673 0.05648366 0.1777559 0.08000793 0.03565789 0.1752571 0 0.008614133 0.1845679 0.02290527 0 0.1935467 0.1055197 0.01668108 
0.04911063 1 0.001219024 0.05107431 0.9378214 0.03438676 0.04191548 0.8710271 0.05511067 0.0264357 0.8033196 0.06952523 0.0167786 0.7351056 0.08617067 0.009800568 0.6666557 0.1031926 0.002775577 0.5967505 0.1129495 0 0.5262742 0.1189577 0.01269901 0.4790025 0.1041297 0.05868687 0.5277133 0.1061804 0.1216428 0.5271975 0.1370849 0.1815144 0.5025836 0.1645415 0.1913532 0.4422357 0.156686 0.1675633 0.3774529 0.1403104 0.1494813 0.3115138 0.1216559 0.136114 0.2448885 0.1013807 0.1286736 0.1771801 0.08153762 0.1239851 0.1098876 0.05962367 0.1224085 0.04338188 0.03499103 0.1165462 0 0 
0.06871303 1 0 0.0516823 0.9239054 0.02959534 0.03664948 0.8426352 0.04702466 0.02433331 0.7606993 0.06346456 0.01498452 0.6776145 0.07520632 0.006663918 0.594052 0.08429906 0 0.5100132 0.08828101 0.01565808 0.4318236 0.0956624 0.07155515 0.4616745 0.1096127 0.1144588 0.5334194 0.1196157 0.1723435 0.5894462 0.1422528 0.2459476 0.5990028 0.1812322 0.2464407 0.5336033 0.1789829 0.2014558 0.4675518 0.1520024 0.1680866 0.393264 0.130042 0.1425226 0.3159834 0.1075141 0.1237909 0.2368658 0.08474436 0.1108129 0.1563907 0.06274308 0.1023049 0.07646613 0.03683781 0.09718626 0 0.001718864 
0.1361218 1 0.01305709 0.1290502 0.9409081 0.05969972 0.1015435 0.8666771 0.07430948 0.07076567 0.7922829 0.07967815 0.04024108 0.7176136 0.07670356 0.009574881 0.6434025 0.06840577 0 0.5682548 0.05646133 0.06106259 0.5391873 0.08662347 0.135719 0.5449588 0.1167262 0.2109501 0.5507994 0.1453411 0.2891371 0.5514763 0.1652813 0.3361662 0.511081 0.1681979 0.3027925 0.4402759 0.1492663 0.2745909 0.3663253 0.1335046 0.2538191 0.2900452 0.117392 0.2352971 0.2137695 0.09855101 0.217881 0.1392429 0.07309878 0.2018733 0.06633466 0.04250229 0.1855977 0 0 0.2006353 0.0571152 0.004313429 
0.1673018 1 0.1109608 0.14 0.9292572 0.1193289 0.1054105 0.8615887 0.1166413 0.06665202 0.7966105 0.1069497 0.02682196 0.7336692 0.09024061 0 0.6678696 0.07130972 0.06045646 0.6405914 0.08696397 0.1274729 0.6434809 0.1233826 0.1950078 0.6370382 0.1582649 0.2626165 0.6221061 0.1887923 0.2643375 0.5696915 0.1804134 0.2248967 0.5071517 0.1619223 0.1913622 0.4401488 0.1477714 0.1634139 0.3707623 0.1328329 0.1423275 0.2995232 0.1152906 0.1229497 0.2286024 0.09482775 0.107449 0.1586551 0.06847023 0.09450262 0.08867908 0.04084421 0.08786526 0.01842458 0.01222679 0.1203029 0 0 
0.1601315 1 0.05711769 0.1286 0.9339385 0.06523324 0.09589384 0.8678684 0.06568026 0.0627765 0.8022699 0.06018372 0.03003763 0.7385233 0.04368797 0 0.6748214 0.02217803 0.04906858 0.639223 0.04058008 0.1079563 0.6304185 0.08279991 0.1726996 0.6281508 0.1178271 0.2391597 0.6152198 0.1447447 0.2737109 0.5633786 0.1587534 0.2553211 0.4933411 0.1510007 0.2319451 0.4246801 0.1377949 0.2168254 0.3534894 0.1262774 0.2084354 0.2813834 0.1136576 0.2035628 0.2092461 0.09959248 0.2093446 0.140166 0.07523455 0.2177185 0.07126793 0.05041925 0.226305 0.002353419 0.02581963 0.2438079 0 0 
0.2607026 1 0.05458307 0.208505 0.9449102 0.06831564 0.1636992 0.8826019 0.06606654 0.119263 0.8202252 0.05420209 0.07882332 0.7552705 0.04213685 0.04345155 0.6886184 0.02532597 0.01704396 0.6173955 0.01022667 0 0.5424851 0 0.03547713 0.4894041 0.02510561 0.1032174 0.4982074 0.06115498 0.1731775 0.5201054 0.08612153 0.2461473 0.5324922 0.1003383 0.2407613 0.4588198 0.08063123 0.2256794 0.3836751 0.07056266 0.2155991 0.3069772 0.06608558 0.2062225 0.2303351 0.05985592 0.2001116 0.1530764 0.05924927 0.1902786 0.07646251 0.05379082 0.1814366 0 0.04485926 0.1861554 0.01370135 0.02911282 
0.2837069 1 0 0.2459842 0.9745657 0.07413222 0.1926641 0.9102665 0.12699 0.1458797 0.8325679 0.1664182 0.1030635 0.7477476 0.1940163 0.06495098 0.6577432 0.2099893 0.03286946 0.5642676 0.2126545 0 0.4711017 0.2068472 0.005833135 0.416621 0.178673 0.09875292 0.4414366 0.1992772 0.1913112 0.4351606 0.2339642 0.2865825 0.4213562 0.2563669 0.3835021 0.4043385 0.2678025 0.4809515 0.4012066 0.2624096 0.4699824 0.3544866 0.2393153 0.4175757 0.2716303 0.2262451 0.3705503 0.1883947 0.2004574 0.3278085 0.1066483 0.1644917 0.2924356 0.0255159 0.1204468 0.2672138 0 0.06157687 
0.1625699 1 0.01627833 0.1140234 0.95301 0.008484185 0.08561905 0.8851406 0 0.05906472 0.8162394 0.0002060998 0.03485015 0.7464485 0.005490862 0.01403137 0.675473 0.008602025 0.0005810157 0.6027479 0.009745206 0 0.5303278 0.01618113 0.05591837 0.5228263 0.02080125 0.12533 0.5471154 0.02386373 0.1887241 0.5417791 0.053626 0.2216713 0.4898799 0.07501435 0.2137616 0.4173782 0.07477222 0.1883471 0.3483914 0.06583811 0.1671454 0.2782234 0.05551322 0.1501253 0.2073847 0.04224892 0.1334355 0.136065 0.03156325 0.1220448 0.06328432 0.02393119 0.1186086 0 0.005677617 0.1235276 0.07355271 0.007793827 
0.125913 1 0 0.1079472 0.9844465 0.01337442 0.08587036 0.9141182 0.02584897 0.06999046 0.8423327 0.03932786 0.05460875 0.7698272 0.0492405 0.04001132 0.6967951 0.05556352 0.02028862 0.6247211 0.05483955 0.008827217 0.5509924 0.05719862 0 0.477302 0.0572476 0.04589662 0.4513073 0.07819697 0.112417 0.4643 0.1091436 0.1810032 0.4679825 0.1387004 0.2506057 0.4790707 0.1635612 0.245469 0.4233193 0.1473296 0.2248436 0.3526688 0.1377734 0.2154471 0.2790774 0.1285712 0.2069016 0.2064498 0.1130013 0.1972435 0.1353783 0.09183789 0.1883201 0.06584713 0.06588352 0.1855685 0 0.03103892 
0.05546502 1 0.04353764 0.0452044 0.9312124 0.06403638 0.03227621 0.8604185 0.08355671 0.02293528 0.7888071 0.1020314 0.01484169 0.716616 0.1189574 0.004686964 0.6440097 0.1326286 0.00214159 0.5707518 0.1461567 0 0.4965344 0.1491001 0.009084282 0.5265569 0.1123828 0.07300907 0.5210592 0.1125142 0.1231006 0.4992413 0.1249923 0.1014763 0.4281449 0.1220472 0.08328268 0.3561021 0.1152276 0.06717631 0.2837695 0.1064439 0.05358339 0.2115798 0.09363473 0.04379297 0.1395129 0.07689065 0.03880706 0.06872515 0.05419311 0.03721313 0 0.02535123 0.04082508 0.01772715 0 0.06467284 0.07350982 0.04245821 
0.09811777 1 0.06496409 0.07153594 0.9305554 0.07297394 0.05454353 0.8582339 0.08115897 0.04254843 0.7847522 0.087754 0.02773339 0.7114629 0.08859266 0.01086016 0.6386114 0.08641468 0 0.5654028 0.08131728 0.05022455 0.5678943 0.117859 0.1075055 0.6033331 0.1504141 0.1712403 0.6253496 0.1805898 0.186802 0.5686437 0.1742031 0.1651389 0.4983043 0.160818 0.1482909 0.4265612 0.1479717 0.1376498 0.3538394 0.1340376 0.1287722 0.2810229 0.1193968 0.1239862 0.2089299 0.1000348 0.1203694 0.1372675 0.07892687 0.1230629 0.06741071 0.05251008 0.1306356 0 0.02150009 0.1373609 0.0213592 0 
0.08923366 1 0.1248499 0.06742722 0.9447804 0.1381514 0.04255005 0.8884907 0.1403666 0.02018989 0.831302 0.1378428 0.001631861 0.7729239 0.1332524 0 0.7118872 0.1320264 0.01846355 0.6565774 0.1406686 0.06278154 0.6321981 0.1745006 0.1103645 0.6077396 0.2022926 0.1453851 0.5613595 0.213254 0.1429222 0.5006608 0.2084268 0.1320928 0.4407904 0.2000272 0.1200038 0.3818369 0.1874156 0.1143293 0.3234183 0.1690459 0.110005 0.265293 0.1491931 0.1093528 0.2083238 0.1260263 0.1106061 0.1522089 0.100714 0.1160113 0.09720053 0.07365328 0.1216443 0.04485569 0.04201371 0.1246663 0 0 
0.1760759 1 0.0006055885 0.1521121 0.9807857 0.03112403 0.1145819 0.923963 0.03420601 0.0763277 0.86744 0.03537431 0.04539552 0.8067843 0.0309013 0.01686858 0.7450491 0.02545436 0.003161045 0.6786932 0.01819254 0 0.6121491 0.01569502 0.04539549 0.5748358 0.03956485 0.1053092 0.5695147 0.07151036 0.1616962 0.5540618 0.1057343 0.1987995 0.5038822 0.1265264 0.1774834 0.4408184 0.1259079 0.1446871 0.381448 0.1204506 0.1237588 0.317688 0.1090594 0.105762 0.253878 0.09294651 0.09277699 0.1907919 0.07045476 0.08100095 0.1273915 0.04809115 0.07640763 0.06375457 0.02396169 0.07753868 0 0 
0.1324019 0.9983832 0 0.1111825 1 0.04933589 0.08347723 0.9245659 0.07002932 0.0613781 0.8450695 0.07987008 0.04354519 0.7644421 0.08934502 0.03146161 0.6823609 0.09230151 0.01857481 0.6002659 0.0914913 0 0.5192362 0.09281591 0.03533727 0.468771 0.1114719 0.08957132 0.5265998 0.1342445 0.1411306 0.5869162 0.1588733 0.2011408 0.6366602 0.1808913 0.1995439 0.5650971 0.1701829 0.1871373 0.4829077 0.1719958 0.1790803 0.400213 0.1733162 0.1747201 0.3172601 0.1710449 0.1731387 0.2350416 0.1592964 0.167394 0.1533354 0.1450108 0.1625206 0.07364172 0.1224435 0.1596889 0 0.0847928 
0.2345899 1 0.0407781 0.1991918 0.9359246 0.0585139 0.1530191 0.8600935 0.05610432 0.1088013 0.783223 0.05062256 0.06737545 0.7056265 0.03839789 0.02781121 0.6278813 0.02168124 0 0.5472413 0 0.07226228 0.5488794 0.03511653 0.1495979 0.543677 0.0784334 0.2260609 0.5374951 0.1231705 0.3040312 0.5249234 0.1636482 0.3859817 0.5116676 0.1951508 0.4692266 0.4895085 0.2109909 0.4259314 0.4256654 0.1940278 0.3603723 0.3679218 0.1787266 0.3073069 0.2992962 0.1597984 0.2636187 0.2254356 0.1368407 0.2296654 0.1473249 0.1119407 0.2014954 0.06765953 0.08455388 0.1827871 0 0.03394413 
0.2305225 1 0.07658383 0.1985893 0.9448906 0.107576 0.1576321 0.8816922 0.1073455 0.1185537 0.8172873 0.1034016 0.07882584 0.7533199 0.09890457 0.03892302 0.6899477 0.08991945 0 0.6268279 0.07645438 0.0172016 0.5756938 0.06649253 0.06594379 0.5245315 0.09211233 0.1170571 0.4788806 0.1234902 0.1669982 0.4320546 0.154769 0.2110851 0.3770835 0.1807759 0.2479294 0.3123136 0.1920309 0.2852697 0.2471728 0.1944217 0.2818827 0.1869335 0.1796927 0.2112492 0.1852017 0.1544637 0.1486368 0.1597717 0.1238223 0.1036445 0.1114913 0.08826169 0.07465027 0.0545188 0.04875565 0.05752442 0 0 
0.1649631 1 0.111346 0.1190325 0.9566264 0.1270382 0.08804101 0.8963591 0.1294402 0.05056876 0.8411253 0.1204658 0.02240459 0.7818127 0.1068409 0 0.7213394 0.08677295 0.05555364 0.6887516 0.1023506 0.1117931 0.6613907 0.1283646 0.1694112 0.6382259 0.155652 0.2203386 0.5979202 0.1683146 0.2244935 0.5318876 0.162042 0.2150337 0.4663114 0.148117 0.2036291 0.401469 0.1316895 0.1916487 0.3369571 0.1144155 0.180757 0.2721669 0.09743816 0.1705768 0.2072724 0.08043266 0.1642897 0.1420381 0.06297782 0.1608281 0.07677649 0.04480095 0.1597853 0.01247061 0.02340638 0.1714566 0 0 
0.1666692 1 0.1615863 0.1426778 0.9419219 0.1884329 0.1187384 0.8769577 0.1969553 0.0919134 0.8124585 0.2010826 0.06507133 0.7478789 0.2028324 0.03973402 0.6828144 0.1994385 0.01709837 0.6172156 0.1904281 0 0.5501899 0.1812253 0.009207739 0.4870878 0.1747459 0.07180938 0.4734632 0.1995156 0.1346194 0.476989 0.2300447 0.1394962 0.4323827 0.2284285 0.1090316 0.3763813 0.2001321 0.08458401 0.3169731 0.1727154 0.06929912 0.2529003 0.1494031 0.0587534 0.1876243 0.1265402 0.04886885 0.1237354 0.09982008 0.03816722 0.06127388 0.07021592 0.02700523 0.0002760228 0.03779199 0.02919682 0 0 
0.1800269 1 0.06493302 0.1516482 0.9381495 0.07771703 0.1233858 0.8755995 0.08696824 0.09361803 0.8131194 0.08721992 0.06372643 0.7507696 0.08293553 0.03425607 0.6889533 0.07274096 0.00268773 0.6281713 0.06233144 0 0.5651903 0.05901386 0.060224 0.5544009 0.08881376 0.1208593 0.5485892 0.1213874 0.1772414 0.5354068 0.1588692 0.2211393 0.493103 0.1857436 0.209699 0.426636 0.1752699 0.1808115 0.367265 0.1544168 0.1537912 0.306623 0.1346235 0.1316534 0.2442947 0.1141853 0.1126869 0.1816226 0.09156194 0.1022271 0.1177862 0.06733744 0.09990341 0.05379416 0.04095231 0.1029649 0 0 
0.1821077 1 0.1394621 0.1467761 0.9378127 0.1583504 0.1158102 0.8700543 0.1570727 0.08679286 0.8017068 0.1509642 0.06107047 0.7327731 0.1389046 0.03731294 0.6638749 0.1236128 0.0172064 0.5939245 0.1075537 0 0.522571 0.09571693 0.009002056 0.4547784 0.09221823 0.06980806 0.4501555 0.1229388 0.1318764 0.4772174 0.1539816 0.1993063 0.4958824 0.1780307 0.209394 0.4320394 0.1766915 0.1905002 0.3629289 0.1561101 0.1733406 0.2946551 0.131588 0.1584046 0.2259476 0.1068631 0.1475907 0.1566844 0.081475 0.1450504 0.08731142 0.05468128 0.1526583 0.01858411 0.02686277 0.1707665 0 0 
0.1969217 1 0.08907942 0.1538365 0.9434873 0.1208367 0.1153155 0.8757697 0.1296065 0.08017561 0.8054884 0.1298909 0.05031717 0.733496 0.1190077 0.02545523 0.6599587 0.1062842 0.006774692 0.5844905 0.09414507 0 0.5069026 0.09232505 0.04858771 0.4805911 0.1217987 0.1072409 0.51446 0.1616028 0.1679942 0.5497349 0.1970433 0.2138803 0.52606 0.2198147 0.2017541 0.4503358 0.2088031 0.1806897 0.376933 0.189648 0.1644472 0.3028696 0.1686318 0.1515922 0.2290776 0.1445138 0.1440469 0.155073 0.118731 0.1388502 0.0818757 0.09046874 0.1306892 0.01215413 0.05487342 0.1223485 0 0 
0.1234314 1 0.08484367 0.1164488 0.9348715 0.1159925 0.09680739 0.8658203 0.1314254 0.06859606 0.7982406 0.1396329 0.04314563 0.7293641 0.1389747 0.02032751 0.6599784 0.1292623 0 0.5898135 0.120383 0.007365346 0.5247316 0.1120216 0.07102733 0.5187898 0.1327665 0.1381642 0.5202853 0.1616031 0.1804156 0.4757835 0.1787315 0.1558858 0.4095403 0.1581467 0.1269156 0.3461624 0.1343886 0.09980148 0.2811 0.1130415 0.08186301 0.212961 0.0919671 0.06893639 0.1438199 0.07001816 0.06719589 0.07419994 0.04607676 0.07116328 0.004913159 0.02132085 0.08241201 0 0 0.08960621 0.07266501 0.001480945 
0.2287688 1 0.002068729 0.214757 0.9688656 0.06745724 0.1867905 0.9009082 0.08886037 0.1509004 0.8327374 0.08244444 0.1142424 0.7652028 0.07057011 0.08031888 0.6959305 0.061963 0.04853653 0.6265596 0.04700278 0.01923393 0.5570208 0.02855943 0 0.4853463 0.0187614 0.0457403 0.4733754 0.06283616 0.1082458 0.4841226 0.107583 0.1682416 0.4616396 0.1327267 0.1573174 0.3872541 0.1217201 0.13778 0.3151542 0.1007501 0.1162734 0.2440651 0.07774203 0.09377424 0.1734723 0.05414689 0.07448455 0.1023266 0.0295938 0.06516037 0.03006078 0.002623007 0.08684807 0 0 0.11594 0.07117757 0.005508869 
0.1678382 1 0.1461893 0.1347148 0.9346247 0.1504533 0.1017124 0.8686498 0.1484481 0.07062951 0.8020072 0.1436653 0.04256339 0.7344906 0.1336734 0.0185544 0.6665951 0.1180898 0 0.5977507 0.09992541 0.03160481 0.5438972 0.08871842 0.09521192 0.5484148 0.1197374 0.158523 0.5543969 0.1568874 0.2218446 0.5320383 0.1836136 0.2394281 0.4682133 0.1779154 0.2170824 0.4030321 0.1577135 0.188097 0.3390017 0.1352193 0.163065 0.2738124 0.1115289 0.1442746 0.2073082 0.08564132 0.1295895 0.1392268 0.06144564 0.1226277 0.06924773 0.03929789 0.1300021 0 0.01673494 0.1602459 0.05096929 0 
0.3290382 1 0.1486521 0.2646852 0.9229091 0.1505359 0.1970363 0.8513145 0.1313087 0.131041 0.7802777 0.1034934 0.0672847 0.7084517 0.07271891 0.004923547 0.6371338 0.03828092 0 0.5698137 0.01061625 0.08275201 0.5624987 0.06458746 0.169259 0.5694515 0.1158709 0.2607418 0.5697961 0.1581066 0.3562223 0.5711878 0.1898851 0.4552065 0.5638089 0.2071476 0.5097914 0.5004528 0.2067908 0.4478632 0.4247706 0.1884002 0.3718763 0.3661983 0.1573936 0.3056226 0.2974866 0.1250578 0.2511135 0.2196607 0.09155992 0.2086321 0.1338722 0.05998682 0.1832217 0.04006232 0.03382632 0.1900548 0 0 
0.03666584 0.9495987 0 0.04280982 1 0.03079987 0.03537011 0.9338585 0.06104407 0.02772432 0.8635259 0.08584139 0.0204356 0.7912232 0.1043713 0.0160336 0.7172752 0.1159613 0.01199592 0.6427085 0.122234 0.006610544 0.5679144 0.1244438 0.001037707 0.4931181 0.1254218 0 0.4185122 0.1205951 0.02631071 0.415151 0.1319515 0.08202929 0.4522942 0.1627397 0.1174923 0.4176106 0.1870706 0.09434333 0.3469291 0.1773018 0.07411419 0.2765273 0.1612089 0.05431485 0.2083194 0.137092 0.03616257 0.1398196 0.1125043 0.02412405 0.06999914 0.08800629 0.01801583 0 0.06191317 0.03140775 0.0292287 0.05931988 
0.244456 1 0.1300495 0.2382717 0.9528527 0.1736871 0.1878575 0.8858426 0.1652437 0.1380789 0.8189967 0.1522381 0.09269629 0.7504315 0.1335663 0.05054685 0.6819709 0.1079244 0.0125184 0.6145384 0.0749383 0 0.5449552 0.04452555 0.06084027 0.5149597 0.07994785 0.1332252 0.5210185 0.122259 0.2090381 0.5236486 0.1590319 0.2851782 0.5091686 0.1919193 0.3013716 0.4394934 0.192221 0.2598694 0.3716424 0.1641079 0.2199576 0.3025846 0.136765 0.1891657 0.2300662 0.1065614 0.1656775 0.1554246 0.07526907 0.1483314 0.07883749 0.04445076 0.1409752 0 0.01584593 0.1439366 0.0335559 0 
0.1827305 1 0.1551206 0.1535257 0.9398543 0.173073 0.1187907 0.8778974 0.1651335 0.08764107 0.8137561 0.1608715 0.05943322 0.7482623 0.1563955 0.03871897 0.6801916 0.1499791 0.01936527 0.61199 0.140969 0 0.5440114 0.1304268 0.0094932 0.4803547 0.1148749 0.07171939 0.4605018 0.1352558 0.1337323 0.4548844 0.1701481 0.1906206 0.4271827 0.1997521 0.214199 0.3694021 0.1892831 0.1899349 0.3093053 0.1592212 0.1683071 0.2481353 0.1293603 0.1515119 0.1853848 0.09955663 0.1375116 0.1215842 0.07065612 0.1306959 0.05658067 0.04231424 0.1398172 0 0.004394009 0.151604 0.06122596 0 
0.02125762 1 0.06411372 0.02300925 0.9296212 0.09124784 0.0207347 0.8576065 0.1140146 0.01305338 0.7843018 0.1309993 0.004401452 0.7104055 0.1445866 0.0007705173 0.635719 0.1560359 0 0.5607262 0.1657054 0.002799571 0.4854458 0.1697775 0.05553324 0.4581668 0.1592431 0.1211088 0.4912802 0.1754451 0.1893375 0.5099478 0.2011942 0.2540805 0.4928557 0.2218463 0.2523607 0.4221417 0.2027276 0.2252983 0.3566409 0.1765445 0.1960777 0.2914701 0.1516314 0.1689143 0.2259025 0.1255236 0.1450975 0.159974 0.09720556 0.1269989 0.09387125 0.06530445 0.1137519 0.02622662 0.03414753 0.1220949 0 0 
0.166128 1 0.04839357 0.1475872 0.9345578 0.05867034 0.1332704 0.8676326 0.06566323 0.1186202 0.8004997 0.06506573 0.09674757 0.7356676 0.05843998 0.07376358 0.6715673 0.04822063 0.05101386 0.6077859 0.03564521 0.0276878 0.5445766 0.02138397 0.006208211 0.4808488 0.006735442 0 0.4135193 0 0.06615637 0.415889 0.01700012 0.1292007 0.4201327 0.04440708 0.1910345 0.4156276 0.07387775 0.2475218 0.3870755 0.09889673 0.2604986 0.3255 0.09314989 0.2463333 0.2603148 0.07609805 0.2277128 0.1961409 0.05947413 0.2102437 0.1320039 0.04147109 0.1951163 0.06656311 0.02658549 0.1915521 0 0.01080621 
