0.3821056 1 0.2535628 0.2251769 0.9590102 0.2065866 0.1054784 0.8383034 0.1802206 0.0332533 0.682616 0.1704396 0 0.5136946 0.180992 0.00135804 0.3433208 0.2061259 0.05789708 0.184017 0.2327373 0.1969004 0.08680031 0.2519844 0.3534605 0.01715624 0.2700713 0.5222831 0 0.295862 0.6873372 0.04130767 0.3157444 0.8206971 0.1475079 0.3086896 0.9014452 0.2967069 0.2784776 0.9385265 0.4604082 0.2417247 0.9118443 0.623104 0.1962339 0.8161331 0.7587293 0.1510597 0.6915307 0.8692085 0.1064602 0.545828 0.942883 0.05170753 0.3888393 0.9927878 0 0.2542768 0.9604622 0.01595781 
0.5490713 0.9504873 0.239912 0.40804 1 0.1650471 0.2526428 0.9318574 0.1087667 0.1271664 0.8092501 0.07144038 0.03922977 0.6537936 0.05307081 0 0.4795054 0.05657228 0.03840858 0.3090319 0.08782759 0.1367112 0.1639365 0.1267891 0.268796 0.05614152 0.1801385 0.427446 0 0.2411616 0.5979838 0.0003540244 0.2969958 0.7633404 0.04618521 0.348541 0.8971476 0.1605251 0.3795347 0.9728844 0.3222443 0.3779177 0.9621139 0.4965305 0.3392864 0.9056293 0.6588907 0.2867786 0.8150092 0.7975667 0.2178612 0.6917955 0.9016674 0.1394708 0.5395083 0.9545786 0.06280833 0.3775057 0.9171453 0 
0.6275062 0.9451038 0.1868563 0.4670776 1 0.1631763 0.3001184 0.9949297 0.1125423 0.1464502 0.9409906 0.05245916 0.03744008 0.8139912 0.009110578 0 0.6437222 0 0.001437033 0.4689457 0.008334601 0.02799764 0.297587 0.02682536 0.09807513 0.1436642 0.06918067 0.2235143 0.0429005 0.1353777 0.3730781 0 0.2123591 0.5326758 0.005956905 0.2834654 0.6903756 0.05645633 0.337753 0.8201967 0.1673622 0.3698254 0.8915728 0.3226191 0.3738526 0.8764011 0.4924781 0.3425707 0.813996 0.6471937 0.290411 0.7267752 0.7837843 0.2246663 0.6115638 0.8875226 0.1453956 0.4730594 0.8961781 0.05241063 
0.5907382 0.9015402 0.3651369 0.4576019 0.9868175 0.3190002 0.3019494 1 0.2499708 0.1557351 0.9700218 0.1672176 0.04544998 0.873115 0.0832584 0 0.7210247 0.02356461 0.01247263 0.552002 0 0.05214371 0.385612 0.001651167 0.1229304 0.234021 0.03212267 0.228167 0.1113667 0.08406141 0.3659841 0.03564512 0.1500722 0.5198666 0 0.2146374 0.6800252 0.003877084 0.2732607 0.8282621 0.06475734 0.3237377 0.9096483 0.2034879 0.3444552 0.9010163 0.3726002 0.3352647 0.8536429 0.5335275 0.301125 0.7742585 0.6762664 0.2511804 0.6846877 0.8082139 0.1887883 0.572817 0.9108158 0.1110925 
0.588468 0.8847479 0.2616152 0.4645821 0.9882813 0.2221939 0.3076316 1 0.1416496 0.1591073 0.9411151 0.06423382 0.04817876 0.8146892 0.01148918 0 0.6450579 0 0.0114616 0.4696195 0.02711132 0.06317368 0.3064495 0.07778618 0.1460785 0.1629637 0.1439873 0.260971 0.05319074 0.2246553 0.4042909 0 0.316596 0.5641475 0.00742245 0.3958835 0.7131259 0.08840449 0.4497971 0.7943349 0.2437699 0.4560305 0.7950242 0.4157701 0.4201625 0.7445032 0.5780565 0.3646495 0.6734477 0.728907 0.2984451 0.5895433 0.8676821 0.2220292 0.4886824 0.9849218 0.1322048 0.3568459 0.9835487 0.03254328 
0.3411338 1 0.1343245 0.1969245 0.9611972 0.07027832 0.07836168 0.8606675 0.01977955 0.00849529 0.7144443 0.0009451283 0 0.5505463 0 0.02346765 0.3878572 0.001049353 0.07400156 0.2326011 0.01571145 0.1731559 0.1118137 0.06383386 0.2992141 0.03390524 0.1345949 0.4405906 0 0.2104478 0.5880994 0.01523594 0.2796469 0.7228698 0.08362468 0.3428686 0.81363 0.2113169 0.3819955 0.8338736 0.3728564 0.3793028 0.8013771 0.5322175 0.3548917 0.7468026 0.6822981 0.3165103 0.6728317 0.8173745 0.2589932 0.5643314 0.9148719 0.185068 0.4271052 0.9663132 0.1112911 0.281541 0.9719155 0.03631447 
0.6002302 0.8882672 0.2891388 0.4620256 0.9754329 0.2397978 0.314204 1 0.1561484 0.1707781 0.9518964 0.07532853 0.06428327 0.8286548 0.02217697 0.007961082 0.667177 0 0 0.4946943 0.01006656 0.02913099 0.3288499 0.04838075 0.09494294 0.1789167 0.1047772 0.2061655 0.06932589 0.1749652 0.3497141 0.009414318 0.2474905 0.5083616 0 0.3129163 0.6680328 0.0447408 0.3584639 0.7876335 0.1652819 0.3775886 0.8246546 0.3324194 0.366271 0.8008239 0.5004424 0.3327916 0.7480626 0.6589355 0.2873496 0.6660675 0.8010599 0.232036 0.5584964 0.9171311 0.1635424 0.416613 0.9623836 0.08137514 
0.3802289 1 0.1757329 0.2315813 0.9720373 0.1078693 0.1077526 0.8720267 0.05640023 0.03092146 0.728415 0.01758681 0 0.5638694 0 0.008913881 0.3955211 0.008257499 0.06246452 0.240766 0.04738458 0.1540013 0.1168482 0.1165843 0.2697679 0.03488252 0.2052791 0.403124 0 0.3027368 0.544999 0.02294977 0.3920999 0.6811652 0.0979591 0.4545455 0.7778465 0.2299165 0.478284 0.8044974 0.3944402 0.4588838 0.77406 0.5531315 0.4094748 0.7136659 0.697744 0.3454488 0.6277654 0.8228049 0.2712144 0.5221395 0.9264774 0.1910489 0.3814476 0.9754565 0.1129962 0.2454258 0.9308535 0.03734569 
0.8575158 0.7501788 0.3296418 0.7449944 0.8852421 0.2848365 0.6013861 0.9706516 0.2105125 0.4394765 0.9940717 0.1313105 0.2749524 0.9394925 0.07613215 0.137454 0.8235138 0.03950153 0.04479189 0.667724 0.01548754 0 0.4905521 0.01844559 0.02189351 0.31262 0.04757673 0.1296066 0.1773963 0.100647 0.280248 0.08650921 0.1518241 0.4486783 0.0293887 0.1969748 0.6254753 0 0.2357795 0.8048458 0.01396621 0.2679802 0.9615947 0.1051997 0.269908 1 0.2760939 0.2362461 0.9581578 0.4484225 0.1879647 0.8796897 0.6044025 0.1337564 0.7870399 0.7480977 0.06795698 0.6486651 0.8437599 0 
0.4819882 0.9610205 0.1594488 0.3500358 1 0.1436243 0.2142438 0.9739758 0.08028012 0.09809829 0.8861356 0.03086901 0.01858008 0.758145 0 0 0.6054518 0.001463313 0.02136642 0.4581126 0.04032501 0.07125743 0.3229614 0.09625629 0.1487911 0.1930099 0.1285116 0.2465408 0.08452596 0.1760881 0.3633275 0.0156886 0.2478768 0.4950475 0 0.3255248 0.6192448 0.07221677 0.3708517 0.6798548 0.2121138 0.3748502 0.7020831 0.3632753 0.3545406 0.6949012 0.512021 0.3125929 0.6560079 0.6508731 0.2567671 0.5958557 0.7768814 0.1904842 0.5116367 0.8794993 0.1118274 0.4038663 0.9263408 0.01788099 
0.6711136 0.7740518 0.2185868 0.6541669 0.9265909 0.192763 0.5360236 1 0.1312694 0.3902493 0.9708262 0.08468707 0.2550337 0.8997725 0.04859293 0.1376331 0.8010025 0.01580219 0.04521675 0.6756848 0 0.002640905 0.5263743 0.002437073 0 0.3703728 0.01887541 0.02491287 0.2180967 0.0463987 0.09620709 0.08757851 0.09036335 0.2208762 0.01444156 0.1474781 0.3635526 0 0.2077971 0.5074814 0.03630158 0.2565273 0.6370059 0.1202452 0.2829106 0.7292971 0.2452525 0.283254 0.7577242 0.3944594 0.2498271 0.7372299 0.5414035 0.2002468 0.6984531 0.6815972 0.140626 0.6538527 0.8111805 0.06441741 
0.7637721 0.742665 0.2438411 0.7117516 0.8999206 0.2149718 0.5847662 0.9936282 0.1502468 0.4287305 1 0.0812195 0.2782132 0.9351065 0.03089716 0.1510022 0.8230837 0.004464247 0.05192142 0.6823194 0 0 0.5190621 0.007277981 0.0113073 0.3507521 0.03228646 0.08236682 0.2083834 0.09330473 0.1911559 0.09987879 0.1692358 0.3258671 0.02641469 0.2472873 0.4774851 0 0.3229052 0.6307132 0.04315607 0.3854523 0.7622926 0.1502055 0.4121519 0.860833 0.2897569 0.4088821 0.9081495 0.4506988 0.3731794 0.883263 0.6067525 0.3069427 0.8036556 0.7323135 0.2214263 0.6809864 0.7825388 0.1208694 
0.7534274 0.9478937 0.4216003 0.5748057 0.9476476 0.3688532 0.4024363 0.929682 0.3015815 0.2346824 0.8899756 0.2316801 0.08872795 0.7987234 0.1655975 0.004214568 0.6531793 0.14918 0 0.474791 0.1857567 0.03599135 0.2995086 0.2370715 0.1163982 0.1488446 0.3105763 0.2523641 0.04670041 0.3865236 0.4140581 0 0.4588718 0.5892978 0.002778694 0.512691 0.7626506 0.05371962 0.5376598 0.9251405 0.1447261 0.5357157 1 0.3032729 0.4820735 0.9938291 0.4644148 0.3977397 0.9485854 0.6185834 0.3054745 0.870859 0.7565548 0.209198 0.779299 0.8851548 0.1103708 0.6427911 0.9465706 0 
0.7157406 0.8948456 0.167999 0.583068 0.982096 0.134587 0.4265066 1 0.08625939 0.2702428 0.9697454 0.04200475 0.1351818 0.8818679 0.008658609 0.0432835 0.7456865 0 0.0001698272 0.5872875 0.01228522 0 0.4238252 0.03516323 0.03592344 0.266277 0.07217605 0.108559 0.1285375 0.1278969 0.220833 0.02404462 0.1867075 0.3679824 0 0.252988 0.5160415 0.05144102 0.305285 0.6479122 0.1475517 0.332723 0.759265 0.2692115 0.3416122 0.8189846 0.4214056 0.3236472 0.8191916 0.5803736 0.2812456 0.7723991 0.7249345 0.2154658 0.705259 0.8542637 0.1368922 0.5858529 0.9147811 0.05222425 
0.5402962 0.9246299 0.2255645 0.4120016 1 0.1627233 0.2638528 0.9798567 0.08772681 0.1311068 0.8944182 0.03049519 0.03843811 0.7594155 0 0 0.5961249 0.008048171 0.009767577 0.4324594 0.04889691 0.05147077 0.2778195 0.1023392 0.1315788 0.1428937 0.1623168 0.2465516 0.04499003 0.2369598 0.3881119 0 0.3149184 0.5387854 0.01584713 0.3876558 0.6784384 0.0910154 0.4440186 0.785943 0.2163153 0.4767346 0.8264491 0.3763935 0.4574265 0.7892573 0.5332327 0.4075599 0.7346087 0.679507 0.342472 0.6723607 0.8168691 0.2659994 0.5796445 0.9247123 0.1774138 0.4486803 0.9407746 0.08172189 
0.6519384 0.9571441 0.2070326 0.5131256 1 0.1531843 0.3685776 0.9993479 0.0948519 0.2334837 0.9391585 0.04673515 0.1189529 0.8411856 0.01322797 0.03674321 0.7083336 0 0 0.5577793 0.01195804 0.006206865 0.4088048 0.05742289 0.03713706 0.2689244 0.1169442 0.1134309 0.1590428 0.1961886 0.2072439 0.06670588 0.2794948 0.3278136 0.01939457 0.3657381 0.4567662 0 0.4500057 0.5865054 0.04771486 0.5118811 0.6833582 0.167143 0.5223424 0.7042087 0.3150811 0.4825546 0.6944177 0.4604788 0.4273699 0.6542412 0.590577 0.3504241 0.6019024 0.7066811 0.2603861 0.5374541 0.8133252 0.1652386 
0.8040445 0.7753341 0.3220279 0.6820413 0.914748 0.2657399 0.5175332 0.97357 0.1855489 0.3381976 0.9592967 0.1152444 0.1696505 0.888427 0.05056091 0.04423238 0.7499651 0 0 0.5619705 0.00263203 0.01883019 0.3776021 0.05906709 0.09783997 0.2266157 0.1510861 0.2137136 0.1116646 0.2556346 0.3563937 0.03334798 0.3618649 0.5237878 0 0.4536923 0.6994125 0.02898757 0.5243243 0.862255 0.1264927 0.5606524 0.9682776 0.28739 0.546453 1 0.4645642 0.4872581 0.9567574 0.6308334 0.3997573 0.856743 0.7655209 0.3035671 0.7270388 0.8667511 0.1990999 0.5752985 0.921447 0.09177701 
0.5999538 0.9488668 0.2230687 0.4319731 1 0.1919473 0.2676967 0.9948733 0.1161698 0.1195069 0.9251305 0.04000357 0.02267206 0.7795814 0 0 0.6040237 0.03026836 0.02535465 0.4378218 0.09867946 0.08904933 0.2904443 0.1835422 0.176039 0.1596909 0.2738263 0.2936973 0.05778275 0.3658555 0.4457868 0 0.4460817 0.614082 0.01216243 0.5088984 0.7670683 0.09951542 0.546988 0.8857102 0.2333887 0.5571168 0.9234611 0.4059317 0.5253167 0.8832529 0.5721107 0.4665092 0.8047578 0.7187995 0.3932 0.7105218 0.8449643 0.3026094 0.5935835 0.9393337 0.2031978 0.4398741 0.9439964 0.123599 
0.435408 1 0.1099113 0.2862067 0.9986977 0.05817207 0.1541782 0.9222388 0.01734091 0.05463494 0.8002427 0 0.004061076 0.6502041 0.005980663 0 0.4919075 0.02318551 0.02548046 0.3369227 0.04909099 0.0867413 0.1971187 0.09335124 0.1799519 0.08481027 0.1559215 0.3045596 0.01508569 0.224505 0.4490227 0 0.2864139 0.5930964 0.0395206 0.3392877 0.7169172 0.1292333 0.3803664 0.8004706 0.2615788 0.4031374 0.8314462 0.4169717 0.3993539 0.8134269 0.5720841 0.3716405 0.7639921 0.716624 0.3268884 0.6910852 0.8460266 0.2692744 0.589456 0.9459366 0.1986382 0.4636891 0.9925875 0.1148413 
0.7111233 0.8858538 0.2219101 0.5758356 0.9729362 0.176534 0.4259612 1 0.1025281 0.2747204 0.9695728 0.03427323 0.1409217 0.8758762 0 0.04948973 0.7340918 0.001235681 0.004252309 0.5732891 0.02504033 0 0.4082641 0.06293692 0.04955012 0.2558206 0.1178194 0.1394464 0.1295307 0.1862487 0.2650204 0.04315558 0.261406 0.413124 0 0.3311999 0.57334 0.005579311 0.3868456 0.7280836 0.06450439 0.4199753 0.8433355 0.1872179 0.4246084 0.8959565 0.3461204 0.3982614 0.8969618 0.507783 0.3477251 0.8548164 0.6592107 0.2845725 0.7761617 0.7907275 0.2122281 0.6565962 0.8798822 0.1321656 
0.6645609 0.8904259 0.08440872 0.5514562 0.9845165 0.03725962 0.4003431 1 0.01022791 0.2566949 0.9439245 0.00323164 0.1446979 0.837238 0.01018 0.06766409 0.7030922 0.02783283 0.01896732 0.556693 0.05216135 0 0.4056081 0.0870527 0.01816382 0.2575521 0.1331562 0.07894877 0.1273913 0.1912966 0.1816128 0.02753625 0.2532577 0.321325 0 0.3130945 0.4645665 0.03994169 0.3575509 0.5893147 0.1300657 0.3669872 0.6795139 0.2535304 0.3389414 0.7369079 0.3879113 0.2851291 0.7689934 0.5242298 0.2162049 0.7691981 0.6611119 0.141156 0.7168396 0.788635 0.06895456 0.6116909 0.8737997 0 
0.7291912 0.9589917 0.1511041 0.5638372 1 0.1296043 0.3957053 0.9918637 0.09481376 0.2365805 0.9425668 0.05261695 0.1023328 0.8427266 0.01533235 0.023052 0.6927589 0 0 0.5243273 0.02027734 0.02734198 0.3615299 0.06711845 0.1009952 0.2179381 0.1255946 0.2043943 0.09809197 0.1921953 0.3379378 0.01872327 0.2628713 0.4969568 0 0.3198089 0.6594746 0.03714619 0.3590266 0.7971037 0.1365661 0.3685103 0.8879284 0.2805075 0.3462096 0.9300776 0.4411312 0.3036928 0.9254701 0.6034162 0.246505 0.8683901 0.7501734 0.1779509 0.7719421 0.8719518 0.1043703 0.6416748 0.9481449 0.02441448 
0.6963982 0.9399187 0.1761218 0.537917 1 0.1514232 0.3682149 0.9957401 0.1218107 0.2113052 0.9370417 0.0813802 0.08644013 0.8222771 0.05575129 0.01472701 0.6677372 0.05833157 0 0.5004609 0.09793829 0.02375893 0.3359665 0.1445346 0.08986817 0.1867599 0.1988915 0.1940928 0.06571199 0.2628048 0.334295 0 0.3361749 0.4934734 0.0003248552 0.3981533 0.6417232 0.07525155 0.4340081 0.7529249 0.2044173 0.4259975 0.8092176 0.359335 0.3793226 0.8043273 0.5128024 0.3018396 0.7522915 0.651714 0.213482 0.6554808 0.7717879 0.1349422 0.5473433 0.887799 0.06662939 0.3971367 0.8762448 0 
0.5653168 0.9176614 0.2251693 0.422973 0.9911893 0.221443 0.2777268 1 0.1489977 0.1427225 0.9541159 0.06802739 0.04589894 0.8387507 0.007430219 0.003002861 0.6808405 0 0 0.5185874 0.02572998 0.02989181 0.3610728 0.06330906 0.09184116 0.2206972 0.1230799 0.178061 0.1054384 0.2019804 0.2934827 0.02848306 0.2902408 0.4366867 0 0.3643045 0.5905977 0.02608982 0.4144686 0.7359646 0.0974481 0.4411006 0.8313215 0.2289205 0.4480021 0.8477771 0.391532 0.4350584 0.8289389 0.552189 0.4036397 0.7758626 0.6969601 0.3478027 0.690942 0.8133317 0.2677643 0.591619 0.8973936 0.1673449 
0.5922118 0.9645957 0.1289105 0.4383474 1 0.1033418 0.2861099 0.9600284 0.06654181 0.1555666 0.8685968 0.03767554 0.05077517 0.7458116 0.0232632 0.001684372 0.5917066 0.01967964 0 0.4303907 0.02440852 0.0670269 0.2869169 0.057565 0.1613956 0.1601473 0.09574433 0.2726028 0.0561621 0.1511252 0.4087949 0 0.2159681 0.5622864 0.01544696 0.2640181 0.7072377 0.08078877 0.2938294 0.8196709 0.1957974 0.2972251 0.8714952 0.3479555 0.2818557 0.8668261 0.5080107 0.2587718 0.8178983 0.6585217 0.2234464 0.7458393 0.7927797 0.1673988 0.6411075 0.8838082 0.0856173 0.5180852 0.927175 0 
0.4739645 1 0.1289238 0.3184248 0.9789563 0.08224822 0.1863334 0.892568 0.04055465 0.08668839 0.7629455 0.02381835 0.02723527 0.610305 0.008422036 0 0.4476098 0.003101458 0.00874283 0.284088 0.02340028 0.05207169 0.1338688 0.07125242 0.1594915 0.03213809 0.1405183 0.3058117 0 0.2046385 0.459261 0.02549038 0.2567577 0.6011206 0.1037241 0.2855954 0.7187314 0.2182536 0.291214 0.8108929 0.3544824 0.2784565 0.8841678 0.5001613 0.2555509 0.8955646 0.659151 0.2249978 0.8337283 0.8049111 0.1854718 0.7295958 0.9163687 0.1233915 0.596652 0.986284 0.06058376 0.4464931 0.973349 0 
0.606102 0.9640491 0.1848862 0.4384175 0.9820788 0.1357059 0.2746563 0.9418734 0.09377329 0.13357 0.8421323 0.06584881 0.04100348 0.6930354 0.07375323 0 0.5303363 0.1139416 0.03351921 0.3733394 0.1824385 0.1085901 0.2351454 0.2602873 0.2040267 0.1172344 0.3466064 0.3194079 0.03050633 0.4454089 0.4632874 0 0.5375828 0.6126212 0.07248234 0.5758553 0.7446072 0.1865924 0.5715879 0.8435252 0.3273484 0.5418625 0.9031567 0.4845094 0.4938576 0.9012375 0.6425695 0.425326 0.8531044 0.784363 0.3348624 0.7717638 0.9021574 0.2333753 0.6613744 0.9870517 0.1274968 0.5420642 1 0 
0.6208369 0.9703777 0.12251 0.477908 1 0.06732338 0.3315997 0.9625803 0.02520801 0.2086678 0.866893 0.007220724 0.1125264 0.7424838 0.007827489 0.03914719 0.6032994 0.01168139 0 0.4511506 0.02023606 0.01027182 0.2978289 0.0436197 0.07728331 0.1626126 0.08335959 0.1898395 0.06465071 0.1309703 0.3207271 0 0.1890915 0.464024 0.002092586 0.2495744 0.6020785 0.06382792 0.2926086 0.7179665 0.16743 0.3027301 0.7795241 0.3091749 0.2755428 0.8040143 0.458234 0.234391 0.785045 0.6046739 0.1817114 0.7292225 0.7395084 0.1229704 0.6420714 0.8551623 0.06323605 0.5232496 0.9303414 0 
0.6083912 0.928869 0.1885661 0.4584168 0.9905329 0.1213363 0.2973167 1 0.05376158 0.1471543 0.9235544 0.01210117 0.04859874 0.7793887 0 0.006343117 0.6094661 0.01272256 0 0.4368453 0.04585029 0.03661872 0.2729437 0.09641293 0.1123839 0.1291681 0.159346 0.2359981 0.03245686 0.2347316 0.3926452 0 0.3066972 0.5521243 0.03553431 0.3675571 0.6992139 0.1192747 0.4111037 0.8231763 0.2410923 0.4312127 0.8910629 0.4005791 0.4106438 0.9019296 0.5706084 0.3676756 0.8604805 0.7284514 0.3037216 0.7718377 0.8564965 0.2251562 0.6491939 0.945483 0.1371814 0.5162979 0.9937073 0.03397861 
0.604117 0.8472669 0.274236 0.5174959 0.9602336 0.2021777 0.3874009 1 0.1120622 0.2437343 0.9739417 0.03909799 0.1187948 0.8768687 0 0.0419939 0.7330183 0.01017073 0.006636828 0.5748285 0.03868996 0 0.4132577 0.07016763 0.03060227 0.2569672 0.1122063 0.09735977 0.120252 0.1737401 0.2080309 0.0279985 0.2523247 0.3519735 0 0.3248995 0.5052447 0.03162463 0.3723934 0.6447406 0.112242 0.4030972 0.7481344 0.2392352 0.407227 0.7973413 0.3935188 0.38136 0.7963052 0.5515357 0.3368975 0.7559315 0.6995826 0.2767306 0.683443 0.8251117 0.1997862 0.5768982 0.9103812 0.1081503 
0.7466781 0.9707351 0.1389755 0.5804802 0.9878475 0.09285934 0.4157876 0.9431956 0.05550939 0.2637792 0.8634658 0.02397153 0.1326461 0.7503675 3.615789E-05 0.03876241 0.6028145 0.001139037 0 0.4366537 0.03215804 0.02600998 0.270892 0.08187105 0.1136812 0.1306329 0.1374765 0.2437738 0.03456276 0.2026839 0.4019176 0 0.2685523 0.5671522 0.02075897 0.3219335 0.7253155 0.08291113 0.3621572 0.8609316 0.1905076 0.3808628 0.9341716 0.3466854 0.3610768 0.9563789 0.5132114 0.3154911 0.9292227 0.6733693 0.2517657 0.8578823 0.8132402 0.1750222 0.7541712 0.9264357 0.09066061 0.625406 1 0 
0.5594663 0.8642462 0.1064592 0.4720762 0.9864515 0.08785403 0.327452 1 0.04905288 0.1939137 0.9248762 0.02728145 0.09488524 0.8066792 0.01904122 0.0293127 0.6659069 0.02416954 0 0.5139747 0.03454155 0.01316349 0.3598307 0.04916482 0.07523177 0.2205361 0.07424094 0.1732133 0.1054667 0.1089192 0.2997837 0.0244857 0.1469159 0.4451127 0 0.1879205 0.586721 0.04553066 0.2251931 0.6970943 0.1528879 0.2399295 0.7580275 0.2943207 0.2289593 0.7668881 0.447017 0.2076887 0.7211893 0.5913778 0.1752808 0.6466179 0.7210112 0.1326358 0.5659379 0.8405848 0.07471064 0.4573283 0.9187036 0 
0.6563614 0.8853499 0.2476379 0.5198223 0.9619601 0.1981032 0.374072 1 0.1371753 0.2277484 0.9743739 0.07185046 0.109142 0.8757695 0.01977286 0.03024112 0.7346054 0 0 0.5733711 0.004681718 0.01281417 0.4108223 0.01700059 0.05972469 0.2542811 0.0328317 0.1451609 0.1187839 0.06562305 0.2711305 0.03116036 0.1193872 0.4198793 0 0.177849 0.5717674 0.02055232 0.2362439 0.7153863 0.08530192 0.2786406 0.8290557 0.2011701 0.2947606 0.8807687 0.3542228 0.2726963 0.8702723 0.512216 0.2300371 0.813438 0.6565826 0.1775219 0.7190411 0.7689697 0.1053036 0.5938089 0.8319559 0.02162718 
0.6329443 0.8311753 0.2151107 0.5572572 0.9579611 0.1797042 0.4220916 1 0.1139757 0.2779485 0.9723345 0.0591883 0.1550135 0.8824209 0.02084771 0.06846533 0.7519186 0.004018956 0.0155717 0.603919 0 0 0.4472924 0.005429119 0.01714897 0.2913786 0.01979221 0.07094274 0.1485832 0.05318852 0.1690361 0.04216627 0.1123632 0.3033313 0 0.1810725 0.4459092 0.01585282 0.245105 0.578423 0.0827558 0.2953781 0.6733611 0.2041926 0.3152981 0.7154899 0.353924 0.3023033 0.712206 0.5066739 0.2651574 0.6678331 0.6486234 0.2127414 0.6089055 0.7826399 0.153755 0.5126309 0.8588368 0.06932105 
0.8536324 0.8750669 0.1000013 0.7198167 0.9773163 0.06999616 0.5489607 1 0.06919131 0.3816676 0.9535826 0.07359789 0.2351022 0.8600731 0.07324009 0.1198187 0.7296572 0.07246669 0.03670992 0.5762759 0.07151441 0 0.4068114 0.07961268 0.01515716 0.2354064 0.1028853 0.0975671 0.09154378 0.1524544 0.2335772 0.01421212 0.2261886 0.3946052 0 0.2890143 0.5625024 0.0316871 0.321364 0.7118785 0.1195742 0.3244645 0.8157343 0.2552291 0.3033092 0.8369444 0.4197707 0.2537685 0.8156371 0.5845338 0.2002107 0.7719821 0.7438046 0.143328 0.687447 0.8752723 0.07085305 0.5424181 0.9269453 0 
0.6081027 0.943118 0.1614152 0.4671124 1 0.1392971 0.3163364 0.9895532 0.09628915 0.1852586 0.9183455 0.04774149 0.08559635 0.8002484 0.01904548 0.0240534 0.6555378 0.005894149 0 0.4996955 0.006843436 0.001308096 0.3419194 0.01297668 0.03946417 0.19035 0.02784519 0.1246232 0.06247019 0.05374109 0.258343 0 0.1018735 0.4061386 0.01614215 0.1522434 0.5458393 0.07943817 0.1892779 0.6614682 0.1838643 0.2086664 0.7339092 0.3232815 0.2093155 0.7626229 0.4775419 0.1957473 0.7447013 0.631474 0.1661821 0.7027808 0.7782304 0.1257968 0.6262107 0.9055826 0.07419972 0.5061797 0.9557257 0 
0.5816994 0.9825865 0.1177029 0.4238348 1 0.09399676 0.2704276 0.9604934 0.06540837 0.139081 0.8701071 0.04897902 0.04422438 0.7407756 0.05710858 0 0.5895789 0.08529142 0.001311846 0.4341663 0.127176 0.04307109 0.2876415 0.1789811 0.1162657 0.153535 0.2298932 0.2233207 0.04774579 0.2850534 0.3638728 0 0.3456792 0.5158051 0.03585258 0.3817286 0.6464285 0.1293858 0.3905761 0.744338 0.2562053 0.3721464 0.8147323 0.3966849 0.3347139 0.8492665 0.5427427 0.2781944 0.8225211 0.6865404 0.2126168 0.7502335 0.8117039 0.1427092 0.6463823 0.9122437 0.07142009 0.5119051 0.9559849 0 
0.4054303 0.9980894 0.1358431 0.2632374 1 0.1488066 0.1272959 0.926316 0.09850068 0.03928659 0.7960847 0.05566236 0 0.6399384 0.02555102 0.01730623 0.4779811 0.01158214 0.06856982 0.3227898 0 0.160881 0.1875257 0.006005823 0.289079 0.0875125 0.03120077 0.4350721 0.02128949 0.06903585 0.5938791 0 0.1034754 0.7442155 0.05411605 0.1369905 0.8478251 0.1757581 0.1719129 0.8777139 0.335624 0.1954782 0.8548664 0.4981916 0.2013796 0.7966828 0.6509381 0.191149 0.698405 0.7799291 0.1642697 0.579428 0.8871246 0.1263446 0.4436188 0.9692759 0.08480542 0.3022906 0.9935924 0.01345198 
0.4264141 0.9904915 0.1329931 0.2729401 1 0.09046882 0.1343393 0.9301032 0.05266571 0.04276825 0.7995548 0.03364199 0 0.6445023 0.04115042 0.001787121 0.4844832 0.06336608 0.03946761 0.3304295 0.09438764 0.1112607 0.1912311 0.1330021 0.2166896 0.0796396 0.1808865 0.3498915 0.01233874 0.2392374 0.4992636 0 0.2948369 0.641604 0.06704741 0.3271836 0.7385052 0.194877 0.3309354 0.7793785 0.350009 0.3146702 0.7742088 0.508053 0.2846321 0.7400671 0.6615922 0.2489985 0.667099 0.7972299 0.2037397 0.5647988 0.9075224 0.1454905 0.438557 0.9795184 0.07652447 0.2992331 0.9818076 0 
0.3650559 0.7080116 0.1887263 0.2213738 0.6891941 0.1280582 0.09006716 0.6114126 0.09082425 0.003887695 0.4803201 0.08958127 0 0.3290707 0.1380194 0.05056872 0.1934718 0.2030944 0.144023 0.08748193 0.2776279 0.2690807 0.01866589 0.3483773 0.4154472 0 0.4096485 0.5593843 0.05209748 0.4407921 0.6752194 0.1596625 0.4402653 0.7644485 0.2909479 0.4238823 0.8156656 0.4387597 0.3915175 0.8242051 0.5905543 0.3424151 0.7899044 0.7334155 0.2813324 0.7196743 0.8579386 0.2125173 0.6210706 0.9531757 0.1332111 0.4913681 1 0.05983875 0.3486626 0.9602738 0.01365322 0.2170317 0.8723963 0 
0.498412 0.982049 0.1837547 0.3613146 1 0.1287641 0.2234809 0.965264 0.08401294 0.1092068 0.8714597 0.06729495 0.0301109 0.7464985 0.07627853 0 0.6042677 0.1093249 0.007741875 0.458433 0.1425353 0.03320997 0.3121532 0.15958 0.08499683 0.1740015 0.1841174 0.1706203 0.05970854 0.2257802 0.2944672 0 0.2790789 0.4328512 0.02594567 0.3219257 0.5516123 0.1114993 0.3425041 0.6359047 0.2348897 0.3384233 0.6910546 0.3726525 0.3192534 0.7154043 0.5158206 0.285885 0.696355 0.6544721 0.2338289 0.6433269 0.7779946 0.1687056 0.5662026 0.8805892 0.09208161 0.4672068 0.9403426 0 
0.5553138 0.8282239 0.1737402 0.4283716 0.9332675 0.1366773 0.2756677 0.938095 0.0592349 0.1363456 0.8503231 0.009494701 0.04634797 0.7026379 0 0.001312955 0.5359812 0.01495668 0 0.3634458 0.03752315 0.05174488 0.2036942 0.07899529 0.1665169 0.08668911 0.1321962 0.3199288 0.02458345 0.1839434 0.4846471 0 0.2341908 0.653769 0.01295232 0.2720104 0.8179775 0.06755544 0.2892666 0.9504626 0.1764241 0.2831598 1 0.3388787 0.2645793 0.9628652 0.5061445 0.2389866 0.8736235 0.6523966 0.2103006 0.7534042 0.7736493 0.1772417 0.6100954 0.8585601 0.1293788 0.4503957 0.8700634 0.0696035 
0.5050291 0.9327819 0.1866939 0.3461531 0.9673402 0.1210032 0.1921101 0.9144918 0.05294825 0.06886394 0.7962141 0.009630341 0 0.6338577 0 0.004123501 0.4593057 0.02888914 0.06283142 0.3019963 0.08917764 0.1475806 0.1578065 0.1510522 0.2653475 0.04688517 0.2243003 0.4128777 0 0.311522 0.5741714 0.007734407 0.386095 0.7381164 0.0590831 0.4327514 0.8873696 0.1520116 0.4602675 0.988302 0.2973379 0.4681683 1 0.4704091 0.4429713 0.9350273 0.6259727 0.3880658 0.8330841 0.7579855 0.3246045 0.7087369 0.8671784 0.2579995 0.5619687 0.9228752 0.1753668 0.4150728 0.9099448 0.07642282 
0.4801451 0.9747089 0.1760284 0.3327036 1 0.1078459 0.1855863 0.9557269 0.04823427 0.0723503 0.8440737 0.00583772 0.01132601 0.6909672 0 0 0.5300603 0.03697095 0.02705747 0.3776656 0.0964113 0.07838688 0.23497 0.1636823 0.1593107 0.1121933 0.2400603 0.2736415 0.02629753 0.3232726 0.4178431 0 0.3994142 0.5691186 0.03881453 0.4517464 0.6998247 0.1362295 0.4763318 0.7940234 0.2703103 0.4775076 0.8221568 0.4284736 0.4500163 0.7925329 0.5833448 0.4015533 0.7170235 0.7137775 0.3325912 0.6129407 0.816975 0.2555057 0.4955619 0.8989606 0.1716433 0.3728511 0.9496178 0.07474907 
0.5426754 1 0.1230134 0.3726209 0.9940468 0.07666894 0.218101 0.9182433 0.03348316 0.09382603 0.7945527 0.006519293 0.01706656 0.6354159 0 0 0.4599655 0.01556064 0.03647145 0.2913411 0.05371498 0.1214907 0.1514217 0.1201098 0.2463691 0.05246478 0.1992907 0.397086 0 0.2768877 0.5636529 0.0007556674 0.3400235 0.7284684 0.05016172 0.3815856 0.8759129 0.1456598 0.3957888 0.9685833 0.2952883 0.3845704 0.9716763 0.4694777 0.3545482 0.9205573 0.635036 0.3129741 0.825969 0.7735734 0.2546115 0.7074998 0.8874388 0.186015 0.5697001 0.9636137 0.1046942 0.4186439 0.9659719 0.01864255 
0.4422385 0.9873494 0.06260312 0.2923534 0.9682056 0.02639644 0.163708 0.8841637 0.004921246 0.07514524 0.7556206 0 0.02016367 0.6096696 0.01062666 0 0.4552231 0.02592554 0.0212291 0.3037169 0.05187603 0.09622698 0.1777237 0.1037953 0.2134186 0.0998785 0.1714744 0.3492402 0.0395929 0.2198679 0.4974104 0 0.2494151 0.6464113 0.02361392 0.2829059 0.7573346 0.1264568 0.3133344 0.8097033 0.2716245 0.3266185 0.7905821 0.4236979 0.3051404 0.719595 0.5565442 0.2651377 0.6000075 0.6466475 0.2207949 0.4795892 0.7301337 0.1663905 0.4271067 0.8674303 0.1235144 0.3860689 1 0.05590197 
0.6201929 0.9641381 0.2340136 0.4696151 1 0.1633372 0.3152782 0.9674405 0.09841718 0.1770092 0.8834583 0.04303667 0.07150929 0.7527103 0.01147328 0.01368398 0.5922513 0 0 0.4222359 0.001459001 0.04351715 0.2596998 0.02884538 0.1387171 0.1268004 0.07945193 0.2686872 0.04163127 0.1515144 0.4191534 0 0.2220182 0.5786385 0.01173085 0.2846624 0.7332312 0.07065828 0.3281254 0.8748698 0.1641005 0.3462658 0.9691707 0.3032653 0.329702 0.9798697 0.467792 0.2860416 0.9227495 0.6204054 0.2324849 0.832108 0.7544101 0.174616 0.7230139 0.870185 0.1101848 0.5863964 0.9366189 0.03435311 
0.5700595 0.9962735 0.09142306 0.4042054 1 0.06477752 0.2466139 0.9474345 0.036993 0.1230874 0.8357173 0.01692592 0.03740752 0.6917654 0.00909964 0 0.5275936 0.01791026 0.00110044 0.3606117 0.04295484 0.05723968 0.2104134 0.09438127 0.1574243 0.0925355 0.1582275 0.2885045 0.02357785 0.2365554 0.4347533 0 0.3168974 0.5920845 0.0198671 0.3760056 0.7411655 0.09317861 0.4035894 0.850715 0.2189539 0.3967945 0.8895739 0.377354 0.3628566 0.8693694 0.5372746 0.3143923 0.8102428 0.6825155 0.2516595 0.7217403 0.8045736 0.1752498 0.6046203 0.8927674 0.0914676 0.4705342 0.9089081 0 
0.5330424 0.9898171 0.1049667 0.368961 1 0.05527073 0.2130984 0.9344019 0.01866199 0.09860424 0.8059772 0 0.02711709 0.6469838 0.001807189 0 0.4764429 0.02590061 0.01754803 0.3075364 0.06474041 0.091942 0.1637683 0.1268232 0.2098625 0.06409539 0.2063087 0.3543963 0.01273637 0.289496 0.5129036 0 0.3616997 0.6757149 0.03046632 0.4146065 0.8145152 0.1283637 0.4387645 0.8814523 0.2867915 0.4205843 0.8985332 0.4562248 0.3832636 0.8743313 0.6215878 0.3335268 0.8113263 0.7689223 0.2646065 0.7139615 0.8894619 0.1861476 0.5811262 0.9672483 0.1062228 0.4313733 0.9537792 0.02946453 
0.593542 0.9545799 0.1528338 0.4427914 1 0.09702495 0.2858641 0.9699013 0.04279191 0.1514649 0.8712738 0.01174372 0.05783452 0.7305341 0 0.008952902 0.5679811 0.008839506 0 0.4000291 0.0339096 0.03807205 0.2392132 0.07384118 0.1250107 0.1062679 0.1317393 0.2498565 0.02338671 0.2081673 0.3971058 0 0.2881602 0.5486451 0.02821452 0.3585636 0.6943339 0.09633308 0.4116221 0.8145358 0.21085 0.4396522 0.8755651 0.3670949 0.4376736 0.8773081 0.5326353 0.4045317 0.8304082 0.6840199 0.3432154 0.7544935 0.8130341 0.2630033 0.6583581 0.915373 0.1673948 0.545186 0.9635978 0.05327298 
