0.5036848 0.9765773 0.2252502 0.3390826 0.9469844 0.1796472 0.1846247 0.888706 0.1289629 0.07032485 0.76645 0.08775877 0.009732173 0.6086062 0.05151 0 0.4368992 0.03541305 0.04281973 0.2706939 0.01446314 0.135817 0.1263539 0 0.2799915 0.03551803 0.02386101 0.4451213 0 0.0618495 0.6123656 0.01906943 0.1024279 0.7613125 0.0955751 0.1460216 0.8823155 0.213034 0.1852898 0.9632488 0.3633799 0.214099 0.9982095 0.5317245 0.2347046 0.9836969 0.7037562 0.2470194 0.9062912 0.8573481 0.2439287 0.7717549 0.9637043 0.2230993 0.6096669 1 0.1772759 0.4543296 0.9655664 0.112153 
0.4372768 1 0.1325597 0.2733126 0.9714013 0.117992 0.139453 0.8685282 0.1134639 0.04935842 0.7254594 0.109698 0.002648111 0.5634642 0.09511977 0 0.3995627 0.05645578 0.04191085 0.2386752 0.025653 0.1361417 0.1019433 0 0.2811498 0.0204494 0.01804392 0.4437665 0 0.05852142 0.6094415 0.01787649 0.08891964 0.7590807 0.09228632 0.1135381 0.8722333 0.2143336 0.1397431 0.9361178 0.3695599 0.1606633 0.9492049 0.5381898 0.1658864 0.9126863 0.7027027 0.155561 0.8222411 0.8426566 0.1323175 0.6879603 0.9368382 0.09312516 0.5274341 0.9612602 0.04905751 0.3771318 0.9218654 0.003990958 
0.6036316 0.913415 0.243573 0.4769851 1 0.230984 0.3260571 0.9998919 0.1977993 0.1928021 0.9264802 0.1664107 0.09222969 0.8108577 0.137566 0.02879447 0.6722907 0.1041966 0 0.5236762 0.06633421 0.01381604 0.374036 0.02381203 0.06629646 0.228765 0.006997088 0.1636354 0.1082212 0 0.2934776 0.02616381 0.02543159 0.4372027 0 0.07823417 0.5741265 0.03376958 0.143306 0.6788923 0.1238019 0.2147558 0.734773 0.2567366 0.2745509 0.7472435 0.4085028 0.3073782 0.7351643 0.5643188 0.3108629 0.69585 0.7132294 0.2852738 0.620513 0.8384918 0.2308016 0.5258924 0.9265251 0.1449683 
0.5130892 0.9455462 0.2026062 0.3706451 1 0.1569637 0.2267634 0.9676305 0.09731281 0.1099928 0.8705371 0.04799175 0.03098605 0.7346689 0.01656242 0 0.5780169 0.002347199 0.0100222 0.4177367 0 0.05415312 0.2639024 0.008202068 0.1422531 0.1307195 0.02232062 0.2689283 0.03562801 0.04057021 0.4220914 0 0.07091922 0.5784627 0.01312348 0.1049948 0.7110487 0.0904742 0.1474298 0.7851307 0.2210995 0.1974631 0.7950408 0.3752499 0.2399181 0.769734 0.5331789 0.2553036 0.7207193 0.6856964 0.2420224 0.6400811 0.8193352 0.2035869 0.5308579 0.9188387 0.1428491 0.402457 0.9594393 0.05758316 
0.6151086 0.9125673 0.2516393 0.4706577 1 0.2086248 0.3066789 0.996208 0.1519186 0.1593056 0.9146078 0.1053959 0.05458632 0.7795157 0.06791295 0 0.6165636 0.03638405 0.004835302 0.4435605 0.01004672 0.05362328 0.2761625 0 0.1544445 0.1345831 0.01432669 0.2923985 0.04166963 0.06732687 0.4490755 0 0.1322579 0.6152734 0.0137854 0.1839692 0.7685556 0.0843116 0.2300785 0.877465 0.2115251 0.2769781 0.9224914 0.3759096 0.3166817 0.9140679 0.550401 0.3310101 0.8606459 0.7148694 0.3120868 0.7616543 0.8510728 0.2648579 0.6182541 0.9293755 0.202279 0.4580977 0.9311721 0.1318157 
0.6323853 0.8311102 0.2655222 0.5319906 0.945287 0.242069 0.3942951 1 0.2049674 0.2543285 0.9697789 0.151266 0.1396594 0.8808345 0.1013239 0.05741254 0.7558987 0.06377296 0.01065027 0.6113301 0.0360394 0 0.4592929 0.01135248 0.02254084 0.3074085 0 0.09504114 0.1723634 0.01159586 0.1989252 0.06515039 0.04592255 0.328088 0 0.09936576 0.4674793 0.002635381 0.1618448 0.5871742 0.07307638 0.227046 0.659731 0.1951781 0.2860158 0.6955823 0.3405197 0.321907 0.6970826 0.494603 0.3284925 0.6723069 0.645891 0.3095786 0.6255494 0.7847205 0.2605167 0.551343 0.8866425 0.175602 
0.4178672 1 0.1694647 0.2560551 0.9840866 0.151646 0.1257738 0.8857384 0.1201678 0.03769319 0.7476228 0.08946424 0 0.5881097 0.05776227 0.01538762 0.4236356 0.03163909 0.07602525 0.2694366 0.01078926 0.1801332 0.1394654 0 0.3183238 0.04720453 0.01159919 0.4768907 0 0.03507549 0.6424186 0.001863547 0.05113905 0.7948158 0.06203983 0.08028687 0.898903 0.1797153 0.1349013 0.934536 0.3305083 0.1963114 0.9141476 0.4900255 0.2408748 0.846512 0.6416148 0.2608562 0.7436024 0.7729139 0.2562928 0.6158178 0.8746625 0.2227625 0.4732408 0.9426325 0.1687569 0.335134 0.9476187 0.081509 
0.1986416 0.975763 0.129728 0.07893728 0.8581783 0.1094164 0.01648256 0.7023546 0.09094924 0 0.5336799 0.07894558 0.03061908 0.3669282 0.06772503 0.1002461 0.2127022 0.049186 0.2191076 0.09342898 0.03948192 0.3734715 0.02367303 0.04461677 0.5413216 0 0.04633544 0.7093677 0.02142339 0.04051174 0.8572743 0.1026019 0.03866126 0.9480839 0.2425705 0.05982899 0.9662127 0.4044716 0.1027233 0.931725 0.5669684 0.1392047 0.8563565 0.7182823 0.1547865 0.7477196 0.8484379 0.1514987 0.6119879 0.9474584 0.1282481 0.4551158 1 0.0914019 0.2925957 0.9882087 0.04627106 0.1603443 0.8957318 0 
0.351896 1 0.09434996 0.2001548 0.9655728 0.06529683 0.08147997 0.8663315 0.03488032 0.01536546 0.724236 0.01153973 0 0.5661709 0.007298972 0.02231714 0.4092207 0.01488514 0.08063821 0.2618805 0.02002216 0.1750752 0.1347408 0.006191075 0.3016952 0.04171925 0 0.4543952 0 0.01174475 0.6114554 0.013171 0.02719108 0.7520301 0.08079797 0.05199764 0.8539152 0.1944876 0.09188185 0.9064975 0.3366699 0.1366282 0.9037542 0.4921111 0.169567 0.8650773 0.6448832 0.1858039 0.7834966 0.7814801 0.1817079 0.6714048 0.8914548 0.1572478 0.5375925 0.9675466 0.118259 0.3873385 0.9839047 0.0718109 
0.4329679 0.9915766 0.2039994 0.2772008 0.9924193 0.1766362 0.1393318 0.9209843 0.1453155 0.04052249 0.8016649 0.1107039 0 0.6495381 0.08587395 0.008136748 0.4903599 0.08292171 0.06220666 0.3401152 0.08744258 0.1421572 0.2028352 0.07524477 0.2569849 0.09500828 0.05025627 0.3951993 0.02201747 0.01744893 0.5514014 0 0 0.7015527 0.04527925 0.01288263 0.8079417 0.1502822 0.06097365 0.8632649 0.2830101 0.1305064 0.8783341 0.4286741 0.1912932 0.8517334 0.5788364 0.2374303 0.7854979 0.7225937 0.2583302 0.6861279 0.8472507 0.2503589 0.5666642 0.9466153 0.2147858 0.4287711 1 0.1550359 
0.1109814 0.8609486 0 0.03246258 0.7257088 0.009604601 0 0.5732511 0.02196925 0.0135928 0.4184048 0.04023967 0.07007047 0.2746385 0.06576049 0.1569229 0.1449206 0.0835894 0.2793746 0.04983616 0.08775683 0.4278228 0.004833143 0.09805461 0.5844754 0 0.1008641 0.7360922 0.03978094 0.09432451 0.8600336 0.1360344 0.09736355 0.9348417 0.2710844 0.114703 0.9471025 0.4236235 0.1408824 0.9166436 0.5753109 0.1676008 0.8473673 0.7155236 0.1828877 0.7463904 0.8356218 0.1841894 0.6242955 0.9321414 0.1639343 0.4855468 0.9919506 0.1240458 0.3377745 1 0.07387334 0.2079958 0.9409051 0.01449146 
0.3533764 0.9847711 0.08481213 0.2023903 0.9518447 0.06520391 0.08645716 0.8486083 0.04756635 0.02066554 0.7083394 0.02419423 0 0.5553486 6.008491E-05 0.03430416 0.4033482 0 0.1065252 0.2662628 0.02458768 0.2086719 0.1484684 0.0456658 0.3314416 0.05057451 0.03967273 0.4791074 0 0.03676739 0.6334565 0.004615145 0.04612206 0.777292 0.06453308 0.0588372 0.8832271 0.1748073 0.08833516 0.9388104 0.3167002 0.1260833 0.9487162 0.4691311 0.1625412 0.9031838 0.615804 0.1895367 0.8185778 0.7468449 0.2036331 0.7117674 0.8605513 0.1941785 0.5831355 0.9422719 0.1568292 0.4546571 1 0.08716506 
0.3314621 1 0.1027186 0.1935914 0.9414126 0.07109351 0.08680652 0.8331051 0.05426874 0.02447157 0.694998 0.03302837 0 0.5448011 0.01400102 0.02140831 0.3934202 0.01766511 0.07336504 0.2494804 0.01900298 0.1537951 0.1196127 0.009624043 0.2769765 0.02953282 0 0.4267966 0 0.009933061 0.5783877 0.01439879 0.02802623 0.7131329 0.08101592 0.055988 0.8087229 0.1919514 0.09624283 0.8529189 0.3304031 0.1434644 0.84804 0.4772014 0.1841449 0.800159 0.620639 0.2115982 0.7135011 0.7470382 0.2168881 0.5998279 0.8483297 0.1979088 0.472003 0.9196094 0.1525524 0.3426903 0.9625868 0.08152968 
0.6292043 0.8224422 0.2770577 0.5276179 0.9344492 0.2375344 0.4031107 1 0.1705617 0.2639813 0.9918349 0.1009662 0.1395905 0.920086 0.041876 0.04990428 0.7964827 0.01012143 0.003600486 0.6477287 0 0 0.4917588 0.009605768 0.03479256 0.340604 0.03312967 0.1046604 0.2012152 0.04841034 0.2147769 0.09192314 0.06836475 0.3501228 0.01877727 0.09072997 0.5020323 0 0.1148057 0.6333569 0.05895391 0.1577846 0.7065443 0.1784414 0.2254149 0.7344851 0.3209014 0.2810704 0.7341117 0.4739844 0.313226 0.7052841 0.6275983 0.3170566 0.6381604 0.7658786 0.2871971 0.5496301 0.8800075 0.2268356 
0.650006 0.7156829 0.2448319 0.5481175 0.8670734 0.2435407 0.4071049 0.9761451 0.2047697 0.2412412 1 0.1368942 0.09870082 0.908908 0.07184501 0.02146107 0.7466156 0.03864809 0 0.5665392 0.01429805 0.03874977 0.3878781 0.01096328 0.1196942 0.222862 0.01550309 0.2453242 0.09183846 8.463139E-05 0.4109104 0.01543009 0 0.5925816 0 0.0007323438 0.761066 0.06385691 0.01250665 0.847399 0.2038238 0.0898972 0.8690886 0.3653989 0.1707399 0.8368846 0.5351638 0.2302511 0.7631375 0.6998019 0.2608089 0.6471812 0.8416715 0.2501349 0.5037869 0.9429743 0.1987806 0.3488702 0.9687145 0.1080998 
0.2261908 0.9854631 0.1719497 0.0852861 0.9054803 0.1529936 0.00418442 0.7658541 0.1283794 0 0.6016923 0.1166311 0.04124466 0.4426268 0.1188064 0.1125412 0.294043 0.1153276 0.2050531 0.1597791 0.09194025 0.3200973 0.04962103 0.0506701 0.472941 0 0.01752218 0.6355991 0.01889708 0 0.7737864 0.1061835 0.01259942 0.8690836 0.2334744 0.05420056 0.8983464 0.3847244 0.1115311 0.887463 0.5394574 0.1652904 0.8354353 0.6909508 0.2049756 0.7442728 0.8271838 0.226214 0.6165839 0.9321028 0.2240792 0.4661538 0.9949026 0.2014756 0.3068502 1 0.1609424 0.1657134 0.9383293 0.1077696 
0.4563149 1 0.2285116 0.2958826 0.9962276 0.1980752 0.154345 0.9228402 0.1624311 0.05459058 0.7961628 0.1355318 0.001727928 0.6424807 0.1130956 0 0.4788899 0.09851523 0.03666769 0.3188552 0.08844821 0.1078156 0.1737111 0.06260302 0.2223514 0.06279097 0.02634085 0.3704764 0 0 0.5312974 0.0002686619 0.02421824 0.6749172 0.06038075 0.07225301 0.774507 0.1738126 0.1329836 0.825873 0.3150292 0.1982172 0.8317522 0.4687154 0.254449 0.7955068 0.6248824 0.2912619 0.7250082 0.773088 0.3000236 0.6178639 0.8941954 0.2696858 0.4900825 0.9755533 0.2070167 0.3461306 0.9877808 0.1322161 
0.1411351 0.8797592 0.03765005 0.04484464 0.7575544 0.02603587 0 0.6085655 0.01519483 0.006922439 0.452712 0.01572672 0.05852835 0.3059773 0.03234735 0.1398091 0.1727608 0.03480474 0.2515584 0.06482833 0.02525413 0.3923694 0 0.004017272 0.5480771 0.01028742 0 0.6877394 0.07877988 0.01098778 0.7895596 0.1903356 0.04999112 0.8435673 0.3286691 0.09846669 0.8619517 0.4787216 0.1376887 0.844058 0.6332561 0.1558642 0.7789382 0.774413 0.1546794 0.6788659 0.8929027 0.136229 0.5532094 0.9785485 0.1028947 0.4033442 1 0.06838831 0.2577583 0.9567875 0.0346064 0.1483081 0.849438 0.007346558 
0.266818 1 0.261835 0.1249323 0.928005 0.2527421 0.02701531 0.8018341 0.2395176 0 0.6442877 0.2273728 0.01470051 0.4838348 0.226153 0.0714701 0.3326147 0.2230918 0.1414159 0.1931351 0.1821829 0.2348327 0.08085893 0.1149018 0.3574817 0.009546779 0.04215611 0.5104002 0 0 0.6534626 0.06349562 0.01742427 0.7525295 0.1749701 0.07562267 0.8118059 0.3097811 0.1405499 0.83265 0.4574003 0.1991347 0.8072911 0.6104176 0.2437776 0.7423708 0.7558194 0.2693928 0.6432095 0.8829399 0.2724163 0.5095708 0.9699793 0.2524107 0.3561868 0.9966462 0.2145756 0.2120567 0.9471888 0.1670883 
0.2783603 1 0.227541 0.1384251 0.9301349 0.1886965 0.04380757 0.8019809 0.1582773 0 0.6476564 0.1334188 0.007388516 0.4856592 0.1235849 0.05895423 0.331574 0.1300078 0.1457846 0.1942853 0.1219852 0.2557505 0.07872602 0.08965003 0.3998183 0.01132578 0.05447959 0.5564349 0 0.01233633 0.7045445 0.05855362 0 0.8048091 0.1700895 0.06018404 0.8546925 0.3005589 0.1423535 0.8603549 0.4422565 0.2205681 0.8255621 0.5874944 0.2846612 0.7454314 0.7241113 0.323804 0.6332718 0.8416653 0.3328727 0.5035406 0.9357538 0.3076339 0.3598683 0.9888628 0.2531006 0.2123553 0.9890296 0.1877408 
0.3406828 1 0.07916962 0.1901662 0.9670509 0.04235347 0.07648679 0.860571 0.01137317 0.01507183 0.7131728 0 0 0.5537837 0.00740997 0.03168515 0.3980427 0.02696157 0.1032426 0.2560419 0.0465396 0.205605 0.1327229 0.04808506 0.3319561 0.03625611 0.02988377 0.488329 0 0.02787076 0.645737 0.03270238 0.02833948 0.7757483 0.125756 0.03652368 0.8620778 0.2569247 0.06619778 0.8893107 0.4085161 0.1103067 0.8543494 0.5598052 0.1499711 0.7808172 0.6996046 0.1739261 0.6736714 0.8178432 0.1733575 0.5420776 0.904036 0.1449518 0.3999319 0.9492777 0.08759575 0.2629315 0.9379669 0.007205061 
0.3540511 0.9893759 0.1491034 0.2065937 1 0.1013798 0.0808556 0.9353848 0.04041645 0.01889568 0.7998927 0 0 0.6455482 0.005221669 0.01897021 0.4971638 0.04809441 0.06627454 0.3565062 0.09684954 0.1380955 0.221584 0.1260524 0.2364236 0.1023523 0.1454737 0.3701869 0.02267394 0.1552628 0.5225935 0 0.1735125 0.6638681 0.05372567 0.1923699 0.7682627 0.1634393 0.2175539 0.8145339 0.3091321 0.2447921 0.8140093 0.4637919 0.2631702 0.76692 0.6124601 0.2659281 0.6885725 0.7447107 0.2433884 0.5853923 0.8518567 0.1988693 0.4673006 0.9253246 0.1278086 0.34384 0.9623576 0.04147324 
0.5977786 0.8893977 0.1911165 0.4762667 0.9628056 0.1413604 0.3436992 1 0.08374226 0.2069751 0.9741521 0.03214238 0.09529307 0.8812984 0.002144918 0.02733345 0.7483076 0 0 0.6014785 0.01115533 0.006569724 0.4523605 0.03048156 0.04671207 0.3090805 0.05392 0.1156492 0.1762301 0.07272178 0.2132543 0.0640661 0.09468435 0.345024 0 0.1211204 0.4900452 0.0006951981 0.1470297 0.6129559 0.07337798 0.1861237 0.6971557 0.1909511 0.2259962 0.7256833 0.3366718 0.2507026 0.7071836 0.4854813 0.2579184 0.6652952 0.6294022 0.2471854 0.5994408 0.7590742 0.2076498 0.5209872 0.8685232 0.140108 
0.2319925 1 0.08315402 0.1064129 0.9293162 0.06572344 0.02785806 0.804934 0.06653019 0 0.6601647 0.06476805 0.01054056 0.5127815 0.06760752 0.04671862 0.3691801 0.07699952 0.1018707 0.2313866 0.07935748 0.1803368 0.1060044 0.06857348 0.2896691 0.01278325 0.04890643 0.4313973 0 0.05154241 0.5589471 0.06451443 0.08470577 0.6505873 0.1730979 0.1275357 0.7068055 0.3057156 0.1634697 0.7252183 0.4495007 0.1902356 0.7016934 0.5940068 0.2024886 0.6427233 0.7299298 0.1977994 0.5559567 0.8472607 0.1721462 0.4445177 0.9339747 0.1273872 0.3174637 0.9763704 0.0659864 0.1895404 0.9577087 0 
0.4133425 1 0.09996831 0.264115 0.9763817 0.08914196 0.1330195 0.9053292 0.06479701 0.04087473 0.7870853 0.04449471 0 0.6450858 0.01145504 0.01480413 0.4954055 0 0.07489507 0.3578533 0.02088844 0.155491 0.233752 0.05484761 0.2598389 0.125866 0.07777365 0.3834653 0.0412086 0.09015415 0.5278597 0 0.08936413 0.6767249 0.02684366 0.08229633 0.7922616 0.1194265 0.09334555 0.8510603 0.251113 0.1288569 0.8505746 0.3956255 0.1712334 0.8062336 0.5373153 0.2014368 0.7282337 0.6669328 0.2079 0.6347389 0.785723 0.1956054 0.5243552 0.8831524 0.158098 0.4025097 0.9516781 0.09923111 
0.4839687 1 0.1177719 0.3213071 0.9747466 0.08647677 0.1785461 0.8919821 0.05720486 0.0652745 0.7714922 0.02977821 0 0.6199002 0.004225307 0.005591287 0.4543075 0 0.06806952 0.3011357 0.02848696 0.1706985 0.1740234 0.06708054 0.3033226 0.0772117 0.1008673 0.4570304 0.01564489 0.1256309 0.6225925 0 0.1409099 0.7808171 0.05129399 0.1567231 0.8853172 0.1776565 0.1859392 0.9253645 0.335113 0.2243551 0.905452 0.4978019 0.2535051 0.8423473 0.653402 0.2647948 0.7459636 0.7906621 0.2529577 0.6242582 0.8980241 0.2093228 0.4902316 0.9658265 0.1346761 0.3592799 0.9717619 0.03243751 
0.623123 0.9183981 0.1720722 0.4678195 0.9775091 0.1471356 0.3066729 0.9786704 0.1011198 0.16065 0.9093304 0.0580135 0.04924201 0.7893705 0.02461939 0 0.6311569 0 0.01465474 0.4641829 0.002782949 0.07333598 0.3096949 0.03402784 0.1667483 0.1740411 0.06905038 0.2905107 0.06472071 0.1040001 0.4437822 0.0009883632 0.1314975 0.6073199 0 0.1624929 0.7515708 0.07099408 0.1978475 0.8426025 0.2012818 0.2485044 0.8787006 0.3585814 0.2948749 0.8539451 0.5233555 0.3178921 0.7929853 0.6795812 0.3138564 0.7066897 0.8202288 0.2836419 0.5952703 0.9305567 0.2219706 0.4708095 1 0.1331871 
0.3824707 0.9801784 0.1331461 0.2264335 0.9494424 0.09990133 0.09915933 0.8549832 0.0626443 0.0193347 0.7177345 0.02602021 0 0.5581548 0.001326927 0.03329164 0.399534 0 0.10365 0.2529068 0.01774456 0.2059185 0.1259185 0.02736157 0.3411137 0.03545776 0.04050191 0.4991525 0 0.05005873 0.6587316 0.02379607 0.06049513 0.7969832 0.1063798 0.08328896 0.8900084 0.2339611 0.1208849 0.9149188 0.3859474 0.1714705 0.8777381 0.536581 0.2230409 0.8075357 0.6790971 0.2560185 0.7092314 0.8082646 0.2602276 0.5893738 0.9147549 0.230213 0.4557177 0.9841386 0.1671969 0.3164608 1 0.08522055 
0.4183238 1 0.1423767 0.2514484 0.9792386 0.1045364 0.1114563 0.8883687 0.06221622 0.01971449 0.7472689 0.02482661 0 0.5781683 0 0.04406415 0.4120024 0.02044504 0.1283593 0.2664908 0.06193707 0.2486037 0.1452041 0.09067842 0.3917224 0.0500228 0.100175 0.5566804 0 0.1002048 0.7288743 0.005483995 0.08536192 0.8780238 0.09031834 0.08133956 0.955181 0.2401213 0.1152426 0.9820808 0.405117 0.1557832 0.9572028 0.5723152 0.1873801 0.8748737 0.7240934 0.2011089 0.7553933 0.848319 0.1890478 0.6120584 0.9363419 0.1529183 0.4565821 0.9888784 0.09965181 0.2976079 0.9694491 0.04448055 
0.4027637 1 0.1686791 0.2401063 0.9941819 0.1159172 0.1023702 0.9118493 0.06277888 0.02250838 0.7660899 0.02216575 0 0.5973448 0 0.0256341 0.4279116 0.01089852 0.1008938 0.2752811 0.03233189 0.2223304 0.1532205 0.03980432 0.3633356 0.05423618 0.03879091 0.5264926 0 0.03622279 0.6966605 0.003960531 0.02305142 0.8472635 0.07849313 0.03152023 0.9315962 0.2150386 0.08122645 0.9531304 0.3711661 0.1452465 0.9099829 0.527688 0.1993865 0.8177727 0.6689253 0.2323647 0.7047398 0.7977195 0.2401799 0.5705571 0.9027104 0.2198802 0.4212004 0.9701463 0.1696039 0.271188 0.9816861 0.08900391 
0.3968109 0.9890655 0.1572034 0.2405423 0.9686098 0.1130187 0.1116462 0.875913 0.07253148 0.03221279 0.7343054 0.04301246 0 0.5748499 0.01655643 0.01688465 0.4110285 0.008863218 0.08571418 0.2620952 0.02396417 0.1901723 0.1343268 0.03263123 0.3236674 0.03758165 0.02786162 0.4811561 0 0.00888417 0.638869 0.03337892 0 0.7633811 0.1327911 0.03246213 0.8322853 0.2677999 0.09353026 0.8482397 0.417543 0.1595297 0.8074491 0.5691237 0.2106252 0.7375364 0.7161415 0.2369176 0.639184 0.8471795 0.230112 0.5180393 0.9495798 0.1890065 0.3759059 1 0.1245217 0.2338982 0.9556765 0.0666234 
0.06165698 0.8322781 0.1142516 0 0.6711155 0.07933621 0.002896704 0.4985814 0.04768281 0.06106537 0.3341353 0.04029774 0.1686219 0.1970513 0.06421743 0.3058852 0.08841458 0.07748538 0.4677669 0.01948554 0.08027965 0.6426816 0 0.07220361 0.8129565 0.04421363 0.07562555 0.9290595 0.1658166 0.110619 0.9768105 0.3238145 0.170711 0.9789592 0.4914504 0.2195273 0.9208194 0.653623 0.2563232 0.8207804 0.7973685 0.2747901 0.6843579 0.9081806 0.2678166 0.529892 0.9825335 0.2314279 0.3647739 1 0.1764455 0.2064468 0.954991 0.1164974 0.08346407 0.8435046 0.05964167 0.0472004 0.6866747 0 
0.2661239 0.9515277 0.2119658 0.1217073 0.883288 0.1532002 0.02703317 0.762277 0.079252 0 0.6085395 0.01387054 0.03640036 0.4428548 0 0.1140217 0.2919459 0.01917054 0.2204237 0.1591586 0.03392545 0.3552477 0.05407901 0.03480306 0.5176402 0.002832682 0.0287027 0.6867993 0 0.02044285 0.8417099 0.0640181 0.02785229 0.9504941 0.1888476 0.06238515 1 0.3431371 0.1175895 0.9921814 0.505756 0.1685278 0.9326672 0.6615571 0.2039754 0.8316372 0.7978148 0.2206365 0.6997936 0.9066802 0.2145233 0.5445713 0.9738553 0.1904514 0.3778946 0.9825379 0.1533409 0.2278017 0.9202753 0.1066335 
0.1177658 0.909786 0.1684643 0.03116432 0.7690689 0.1432225 0 0.6069545 0.117782 0.02716403 0.442097 0.1067354 0.101716 0.2915682 0.1093009 0.2031076 0.1588577 0.09738354 0.3329037 0.0572692 0.0727751 0.4852138 0 0.03769263 0.6478652 0.005285178 0 0.795812 0.08096447 0.00455571 0.8975403 0.2053854 0.05211372 0.947438 0.354599 0.1079608 0.9441209 0.5110822 0.1628726 0.8939539 0.6631808 0.2106536 0.8055637 0.8021391 0.2431078 0.6782662 0.9101958 0.2566879 0.5262293 0.9800597 0.2464918 0.3629323 1 0.2156219 0.2042335 0.9665407 0.1739361 0.07456832 0.873502 0.1249331 
0.2603455 1 0.1655588 0.1312459 0.8957937 0.1420677 0.04047949 0.7596992 0.1070964 0 0.6023409 0.06674691 0.02812352 0.4406307 0.03571372 0.1131441 0.296196 0.04170598 0.2269571 0.1728099 0.04982958 0.3622817 0.07442507 0.04129621 0.5150738 0.009450721 0.01851503 0.6811978 0 0 0.8297924 0.07074152 0.006528989 0.9266244 0.1963846 0.05160178 0.978844 0.3440253 0.1061676 0.9685753 0.5015275 0.1637506 0.9150972 0.652983 0.2124306 0.8155639 0.7830089 0.2422333 0.6863375 0.8890072 0.2499991 0.5350967 0.9578855 0.2282958 0.3754525 0.9863176 0.1849569 0.2237163 0.9586906 0.1199798 
0.3935146 0.9950926 0.293099 0.2284191 1 0.2412572 0.08911844 0.9182152 0.1778061 0.01152374 0.7766435 0.1121099 0 0.6105217 0.06121181 0.0442348 0.4418347 0.05290261 0.1241342 0.2862972 0.06370826 0.2316152 0.1484221 0.0588158 0.3681571 0.04366799 0.03566378 0.5333447 0 0 0.6985106 0.04613888 0.009179298 0.8124017 0.1533736 0.07976655 0.8642758 0.2948795 0.167155 0.8620501 0.4509564 0.246493 0.8077416 0.607991 0.3019383 0.7111338 0.7518367 0.3283451 0.5810862 0.8684464 0.318728 0.4326248 0.9475179 0.2730117 0.2815736 0.9779627 0.1917031 0.1575699 0.9123911 0.09401424 
0.4946983 0.9494171 0.2451291 0.3495069 1 0.1993383 0.2035667 0.9846163 0.1384204 0.08669506 0.8900586 0.08763642 0.01543316 0.7510782 0.05170303 0 0.5916561 0.03797218 0.02825449 0.4337772 0.04447001 0.09122857 0.285669 0.04524222 0.1859579 0.1563427 0.03599384 0.3069529 0.05396017 0.01724553 0.4563754 0 0 0.6159086 0.01326648 0.005779 0.7374431 0.1034928 0.05328818 0.7962768 0.231278 0.1316427 0.8101617 0.3736688 0.2020534 0.7782469 0.5196961 0.257166 0.7046475 0.6590006 0.288478 0.6017089 0.7824143 0.2894418 0.4793354 0.8816134 0.2591342 0.3467933 0.9507581 0.2015178 
0.4115057 1 0.2127812 0.2571446 0.9794664 0.1718663 0.1296764 0.8934101 0.1201094 0.04066141 0.7676698 0.06648481 0 0.6177151 0.01833954 0.01934055 0.4580236 0 0.08220135 0.3080744 0.009777489 0.1785632 0.1775535 0.02548827 0.3052416 0.07536335 0.04049012 0.4564725 0.01420557 0.05058744 0.6184984 0 0.05906093 0.7702758 0.05136831 0.07211047 0.86507 0.1668355 0.1292 0.8936731 0.3100652 0.1958244 0.8593484 0.4590695 0.2491583 0.7799659 0.5981131 0.2817352 0.6784087 0.7256859 0.2911073 0.5602989 0.836216 0.2723985 0.4328072 0.9235864 0.2219286 0.3038271 0.9719716 0.1362281 
0.4378488 0.9553491 0.2162644 0.2777938 0.998512 0.1747606 0.1266091 0.9435985 0.1207384 0.0329595 0.8118994 0.06395781 0 0.6493433 0.01697543 0.01729391 0.4783894 0 0.07944262 0.3172375 0.004791921 0.1818016 0.1785985 0.0196659 0.3139693 0.06728518 0.02672084 0.4739004 0.003620013 0.0262755 0.6447831 0 0.02907036 0.8002459 0.07007213 0.04576723 0.8972875 0.2004385 0.09538951 0.9319921 0.3552733 0.1622852 0.9031478 0.513063 0.2250764 0.8270789 0.6634778 0.2647983 0.7275537 0.8040609 0.2753439 0.6052896 0.9230287 0.2536648 0.4588523 0.9949664 0.2020886 0.3050661 1 0.1261567 
0.341142 0.9513621 0.2395056 0.1887804 0.9266688 0.1884332 0.07186547 0.8322062 0.1275556 0.007255748 0.6925603 0.07511286 0 0.5307221 0.06038421 0.03977869 0.3720832 0.06309041 0.1184495 0.2286872 0.05927681 0.2313485 0.1110454 0.04323612 0.3744811 0.0326932 0.0278539 0.5337808 0 0.008029816 0.6886463 0.04708161 0 0.8038154 0.1498366 0.04861503 0.8593683 0.2865193 0.1196704 0.8687501 0.4376262 0.179554 0.8347149 0.5905777 0.225748 0.7589433 0.7348827 0.2444517 0.6562425 0.8622238 0.2373382 0.5263079 0.9535599 0.2055835 0.3761645 1 0.1638009 0.2293928 0.9539545 0.1155983 
0.2980686 1 0.2261713 0.1349222 0.9600113 0.207743 0.02487771 0.8429164 0.1570846 0 0.6817833 0.1143584 0.03937807 0.5155425 0.1160102 0.1115575 0.3616386 0.1347084 0.2124217 0.2241927 0.1373179 0.3352175 0.1076431 0.1141277 0.4799945 0.02680049 0.07185595 0.6410222 0 0.02561203 0.7987732 0.04405492 0 0.9101009 0.1599515 0.03930375 0.9520847 0.2996736 0.1251337 0.9435732 0.4473127 0.2117146 0.890548 0.5943887 0.2806156 0.7946517 0.7291151 0.3253797 0.6728588 0.8474448 0.3408071 0.5297639 0.9383351 0.3220441 0.3738166 0.9893432 0.2750592 0.2237232 0.9989669 0.1956841 
0.5605026 0.9356733 0.2769795 0.4277763 0.9998756 0.2268687 0.2853916 1 0.166333 0.1575258 0.9358403 0.1068527 0.06828848 0.8181328 0.06027741 0.01711872 0.6748251 0.02878952 0 0.5206757 0.01214376 0.02054249 0.3668885 0 0.08635014 0.2273664 0.01161215 0.1851909 0.1129869 0.04470081 0.3133459 0.03475612 0.08588151 0.4617216 0 0.1179466 0.6153798 0.008784062 0.1395311 0.7497537 0.06825433 0.1766757 0.8323509 0.180443 0.2414027 0.8498026 0.3254876 0.2961344 0.8315396 0.4761773 0.3309772 0.779554 0.6216944 0.3443164 0.7012099 0.7561198 0.3377299 0.5866641 0.8566205 0.3060319 
0.5405488 0.8768298 0.3318682 0.413736 0.983692 0.3379036 0.2585591 1 0.2820171 0.123591 0.9323781 0.2103252 0.03379316 0.8090152 0.1410888 0 0.653897 0.08738701 0.01674772 0.4882589 0.06161688 0.07032253 0.3293082 0.04497045 0.1615569 0.1883078 0.02736076 0.2857275 0.07587983 0.01088007 0.4396941 0.009500066 0.002815942 0.6059545 0 0 0.7605347 0.0580426 0.02429942 0.8673623 0.1710581 0.0837985 0.9143931 0.3095436 0.1680007 0.9043595 0.4579818 0.2478465 0.841483 0.6026925 0.3051479 0.7464469 0.7380844 0.3329604 0.6238351 0.8525479 0.3249257 0.4796921 0.9224152 0.2783927 
0.5580206 0.8620168 0.3178582 0.448313 0.9647442 0.2917299 0.3131791 1 0.2351307 0.1813992 0.9661859 0.1668691 0.07981135 0.875648 0.09907012 0.01746419 0.7477332 0.04506076 0 0.6004963 0.009410471 0.02558559 0.449856 0 0.07918864 0.3065072 0.005800093 0.1653288 0.1800085 0.009025245 0.2780408 0.07756726 0.0159821 0.4149218 0.01439476 0.02899793 0.5650678 0 0.04876594 0.699603 0.05118802 0.08466222 0.7716101 0.1647354 0.1580752 0.7905578 0.2974231 0.2295107 0.7694275 0.4377911 0.2854524 0.719207 0.5776637 0.3169989 0.6386468 0.7073472 0.3157044 0.5480332 0.8253414 0.2795794 
0.502206 0.9601911 0.2628374 0.3532232 1 0.2161877 0.2074935 0.9700218 0.153747 0.08896168 0.8799605 0.0928843 0.01685121 0.7456844 0.04232015 0 0.5889143 0.009824596 0.03227044 0.4308185 0 0.1023806 0.2852237 0.0062078 0.2051143 0.1605361 0.01780558 0.3324431 0.06154838 0.02308387 0.4806365 0.001137489 0.02517151 0.6403932 0 0.03121139 0.7705968 0.08459008 0.06857689 0.8404612 0.2093804 0.1411827 0.839426 0.3525416 0.2170642 0.8054315 0.499541 0.2731658 0.7379357 0.6429772 0.3005122 0.651553 0.7798537 0.2988623 0.5459104 0.8958989 0.2604089 0.4206259 0.967282 0.1885962 
0.4779187 0.9551162 0.2712376 0.3440529 1 0.2111418 0.2099886 0.992009 0.1384135 0.09571434 0.9144037 0.07334162 0.02267708 0.7904555 0.02267976 0 0.6408825 0 0.01163262 0.4879258 0.004037277 0.05372491 0.3426036 0.03167584 0.1262646 0.2126359 0.06877418 0.2222011 0.09902781 0.1055797 0.3517928 0.0238145 0.137071 0.4961985 0 0.1712723 0.6398541 0.03325197 0.2139691 0.7540739 0.1269122 0.2566421 0.8308139 0.2518404 0.2997217 0.8623015 0.3958473 0.3321364 0.8374224 0.5459311 0.3503818 0.7620772 0.6796233 0.3507414 0.6613838 0.7923687 0.3231315 0.5523466 0.8859825 0.2700194 
0.3388245 1 0.1690995 0.1964796 0.9846905 0.1250354 0.07602951 0.9094924 0.07672661 0.008243808 0.7843401 0.02997374 0 0.6372483 0 0.03692304 0.4914111 0.008084299 0.09932776 0.3570971 0.0407232 0.1828931 0.2344123 0.07084732 0.2843371 0.1238869 0.0914894 0.4086577 0.03743174 0.09603324 0.5542783 0 0.1013484 0.6904594 0.05136109 0.1204705 0.749608 0.1773967 0.1708532 0.7620705 0.3183131 0.2224473 0.739833 0.462004 0.2631914 0.6899524 0.6033336 0.2837339 0.6202215 0.7375518 0.2757387 0.5345789 0.8571402 0.2449784 0.425217 0.9458227 0.1914021 0.300777 0.9907445 0.1192364 
0.3802347 0.9911366 0.1448679 0.2303814 1 0.07513829 0.0963731 0.9208015 0.02094503 0.01764772 0.7782366 0 0 0.6144199 0.01214172 0.02743921 0.453112 0.03687183 0.09839828 0.3084491 0.07635953 0.1950059 0.1786606 0.1157555 0.3189149 0.07696114 0.1567325 0.465038 0.01357733 0.2005627 0.6245107 0 0.238893 0.7713944 0.06720988 0.2770851 0.8735786 0.1924205 0.3026188 0.9101886 0.3508185 0.3191635 0.8784217 0.5135815 0.3230318 0.7996673 0.6597651 0.3172474 0.6852108 0.7775552 0.2929918 0.5556855 0.8707128 0.2470326 0.4188033 0.938858 0.1812813 0.284585 0.9740161 0.08955941 
0.53966 0.9092578 0.2968001 0.401822 0.9821118 0.2548416 0.253867 1 0.1942624 0.1198988 0.94958 0.1210991 0.0279227 0.8390796 0.05101738 0 0.6884696 0.003015303 0.02233937 0.5288781 0 0.07673001 0.3785486 0.02540784 0.1599291 0.244902 0.06467436 0.2656416 0.1243707 0.09161744 0.4001007 0.03582905 0.1115729 0.552892 0 0.1379882 0.7042947 0.03657264 0.1704635 0.795754 0.1592016 0.2205444 0.8333412 0.3035592 0.2822789 0.8049518 0.4541582 0.3320612 0.7401165 0.5997721 0.3591943 0.6589664 0.7399428 0.3582115 0.558117 0.8614786 0.3198461 0.449216 0.9568431 0.2474763 
0.4079811 0.9563649 0.3473183 0.2490897 0.9666905 0.2863956 0.1063708 0.9216437 0.205138 0.01492945 0.8152986 0.1106212 0 0.6671923 0.03101357 0.03858012 0.504177 0 0.1036344 0.3468445 0.003038336 0.194993 0.2040849 0.02442051 0.3197209 0.08756433 0.02757222 0.4731304 0.01387933 0.0369224 0.6396175 0 0.05968299 0.7843596 0.06417464 0.1124787 0.86597 0.1851343 0.1953098 0.8856204 0.32711 0.2862835 0.8424795 0.4737861 0.3611992 0.7590041 0.614988 0.4072431 0.6592265 0.7512357 0.427971 0.5388771 0.8703449 0.4057606 0.4085312 0.9623333 0.3456483 0.2806663 1 0.2414348 
